Sn
    2    2   10    0
    0.51696730588860       1    3.12791078480496
       3
    0.48089913785872       3   11.02819520893651   -6.57350103697060    1.50686077279891
                                                   10.72141803675497   -3.89070489294927
                                                                        3.01858624781204
    0.56065714319963       2    4.66022075809836   -2.21706557285019
                                                    2.57555679327184
    0.37520990820431       2   -3.93508111356507   -0.84012806030548
                                                    0.95318590742868
