Co
    2    0    7    0
    0.57671986511277       1    0.05593817047520
       3
    0.44185835633123       3    4.59775128119470   -1.11916732095745    0.75294985383339
                                                    3.00306881785572   -1.94675999852394
                                                                        3.10439593021104
    0.60419289541378       2    1.88914180270339   -0.05554454999038
                                                    0.29451564516453
    0.29353399921384       1  -10.16473877934950
