Hg
    2    0    0    0
    0.64005615037534       1   -3.29122654607340
       3
    0.81235732163165       3    1.78295772991649    0.18052940599715   -0.19516474665142
                                                   -0.46590283538746    0.50391489047485
                                                                       -0.76193818486235
    1.05376189885119       2    0.48270968370836    0.22470126575976
                                                   -0.50040320010518
    1.10000733281827       1    0.22160903994900
