Sn
    4    8   10    0
    0.39146716405196       3   24.16868463241103   -4.62168571063043   -0.08865980747581
       3
    0.31973634999738       2    0.73072838533822    4.28490847123317
                                                   -5.74621939277471
    0.38471215420847       2   -0.12301176044749   -0.61441783168889
                                                    0.66314595541886
    0.45368377182797       2    1.75140685311970   -3.09368813607650
                                                    3.59498667559601
