Ru
    3    6    7    0
    0.43111975150987       2   27.74049843506821   -5.13680913545838
       3
    0.31655486030481       2   -0.31601472196459    3.71549052064524
                                                   -4.79521326371757
    0.43971986580461       2    0.11104391798670   -1.27757283948438
                                                    1.51366897848494
    0.43811081622225       2    1.50925783692669   -2.94305569014188
                                                    3.33463687935592
