Xe
    4   12   10    0
    0.37299832019965       2   25.72899997186122   -5.90855673101289
       3
    0.33401483021093       2    0.95210946095435    4.19999945687899
                                                   -6.57384192969934
    0.31417315063278       2   -0.27398319447238   -0.59999974542978
                                                    0.23244069262364
    0.43500376163896       2    1.66813950841657   -2.99999958871990
                                                    3.18139429297990
