Pb
    2    2    0    0
    0.63317721197332       1    0.78054114137266
       3
    0.71106631029872       3    1.98843169841181    0.06388669950676   -0.19665749366026
                                                   -0.14892236105655    0.50776961865513
                                                                       -0.77933946955902
    0.85316106257631       2    0.89850135178426    0.22860194328578
                                                   -0.50401253719938
    0.97202986330242       1    0.47585933693281
