K 
    1    0    0    0
    0.88870849709891       1    0.17025640574919
       3
    0.94959262133767       3    0.98879101143343   -0.13629831935583   -0.08734568912575
                                                    0.37775793602338    0.16924319999350
                                                                       -0.24335941724591
    1.06825965702449       2    0.59083342260554    0.00492345489177
                                                    0.03136724403036
    0.62316894876728       1   -1.51745860794396
