Se
    2    4    0    0
    0.51043991793442       0
       3
    0.43245998840836       3    6.51833166554326   -0.22271636569302   -1.19612927990445
                                                   -1.65795825623511    3.08839121879388
                                                                       -2.45131941777803
    0.47050486240343       2    2.28125966692975    0.36533517772229
                                                   -0.43228927118996
    0.62563043874748       1    0.43980038866710
