Ni
    2    0    8    0
    0.55284034646162       1    0.06252303461738
       3
    0.42636366285537       3    4.14172186253395   -1.19903862250787    0.73987724724672
                                                    3.11553105940329   -1.90684155980809
                                                                        3.06478195736529
    0.58369231837423       2    1.84083923830123   -0.12132070562484
                                                    0.38972752683057
    0.27997569437154       1  -11.39387357866845
