La
    6   12   11    0
    0.20121665672428       2  147.85713444796630    4.05161838020113
       4
    0.24028304064483       2    2.24258313891648    4.21351976603783
                                                   -5.16052937358317
    0.17077305773332       3   -4.38438005098915   11.78843597554815    0.01475924124915
                                                  -13.93549182898266   -0.03492615739150
                                                                        0.18569809903171
    0.17277766936302       1  -14.91455220481149
    0.26533278633234       1   -4.80373671592411
