Ga
    2    1   10    0
    0.48732380903314       2    0.00338578653762   -0.01160275381391
       3
    0.41681966277554       3   10.48769758247569   -4.92196935866173    0.87083914248234
                                                    7.77176054317556   -2.24822770843259
                                                                        1.78678835543550
    0.57095575852024       2    1.84260818255950    0.19587069656567
                                                   -0.19797555976800
    0.24205367072323       1  -16.45963572453681
