I 
    2    5    0    0
    0.55931087657576       1    8.06991724291766
       3
    0.53355372328389       3    2.30863889139036    1.00391034866979   -0.95915745766393
                                                   -2.85568076251581    2.47652976415959
                                                                       -1.96596238617094
    0.58909595737394       2    0.88481364231319    0.42507050511349
                                                   -0.50531422333979
    0.74145419547753       1    0.46326125506252
