Te
    2    4   10    0
    0.50856669875290       1    3.52390528537134
       3
    0.48244836019016       3   11.04947307622799   -6.57350593597854    1.50686481110053
                                                   10.71997731989772   -3.89070577703812
                                                                        2.74962622750987
    0.54874383916880       2    4.62593021833798   -2.21706659089928
                                                    2.64395895087178
    0.39428695181648       2   -3.83195802856845   -0.84012816642442
                                                    0.84193257534878
