Rb
    1    0    0    0
    0.64054664723027       2    3.24550731790346   -0.67740507685491
       3
    0.88827317312919       3    0.91536866844909   -0.34895010569221    0.03118328896468
                                                    0.85989145033366   -0.06145790804539
                                                                        0.01648385496752
    1.06995988884577       2    0.50721098219450    0.27503239733472
                                                    0.08738771460920
    0.73484019891894       1   -1.37965063663937
