Cu
    1    0    0    0
    0.23962123459650       1    0.01735043303842
       3
    0.64235921800865       3    2.29359750537927    0.07483701370900   -0.22861951520656
                                                   -0.18946765001233    0.62560716202742
                                                                       -0.97861979423090
    0.95352932500177       2   -0.03303329858383    0.11249220958246
                                                   -0.16316623086252
    1.31641418106891       1    0.02425759873924
