Fe
    2    0    6    0
    0.59578850974080       1    0.16043266015033
       3
    0.45708850300757       3    3.28795514212277   -1.01066080718626    0.78740540871188
                                                    2.67805610338415   -2.03777744650135
                                                                        3.28627319626836
    0.63922887323798       2    1.54380725058909   -0.09985698097411
                                                    0.33708086116139
    0.30621323095055       1   -9.14944579471234
