Nb
    3    6    4    0
    0.45900707135806       2   27.01487851999763   -4.59962733524284
       3
    0.33149223351263       2   -1.17962248485192    3.27791140571057
                                                   -4.30944197222447
    0.40429756370725       2   -0.71955016554236   -0.90782708500096
                                                    1.08129527248866
    0.42229660240217       2    1.49587280074006   -3.43005588941945
                                                    3.88793941032440
