Y 
    2    0    1    0
    0.61128275892483       2   -1.08079931288453    0.12647277753444
       3
    0.79192494418352       3    1.63125599487448   -0.58196321535369   -0.06608830434748
                                                    1.33367374721376    0.15854554048983
                                                                       -0.11452349698161
    0.92366506869397       2    0.86863505057558   -0.13743890010743
                                                    0.45921995196520
    0.66921993387027       2   -1.03733204704364    0.08363509142221
                                                   -0.14332360518149
