Te
    4   10   10    0
    0.38736178300690       3   24.21240224079117   -4.41869331708000   -0.41310691944372
       3
    0.32657843143496       2    0.79808760902890    4.28490993799920
                                                   -5.96808625584038
    0.35734861543643       2   -0.12698342165366   -0.61441760875736
                                                    0.67383860780715
    0.45200389407060       2    1.75168206824759   -3.09368835845047
                                                    3.72476813813081
