Fe
    2    0    6    0
    0.59465219620541       1    0.15036701325174
       3
    0.44964529046233       3    3.28433931672594   -1.01065935348032    0.78740644629113
                                                    2.64803015785898   -2.03777885998439
                                                                        3.25345713019496
    0.63893430697626       2    1.54363397496548   -0.10036291670972
                                                    0.32560204061734
    0.31438909054714       1   -9.15089141329145
