Ag
    1    0    0    0
    0.50802017492994       1   -0.54292369761194
       3
    0.83778955636234       3    0.74784882815703    0.12557960606063   -0.06394621957591
                                                   -0.43210006841902    0.24639363868995
                                                                       -0.34950226348935
    0.93514361522882       2    0.51355576014448    0.01596438446320
                                                   -0.33896581664808
    1.16633048198313       1   -0.04574040230135
