In
    2    1    0    0
    0.59678468606733       1    5.12929969465072
       3
    0.68487042046833       3    0.56230255248497    0.99900353321707   -0.48094094591624
                                                   -2.08660830085484    1.24178174423108
                                                                       -0.98563531840584
    0.76192266605222       2    0.07802864562237    0.42328388619952
                                                   -0.53037186112676
    1.14693973456500       1    0.02896884670012
