Ir
    4    6    7    0
    0.51325965740565       2   13.38035580475514   -2.41647105060413
       3
    0.37985905975240       3   -2.53425695097328    1.05517540729797    4.67506860970115
                                                    6.23831599842745  -12.07095742921281
                                                                        9.58004259658097
    0.33756234588193       2   -6.51016635227749    7.35318511524433
                                                   -8.67197793887544
    0.37915363659728       2   -0.85598660597592   -1.17534839716837
                                                    1.33083468961731
