Kr
    2    6   10    0
    0.45110249865457       1    0.11008670784975
       3
    0.38564977411575       3   10.27844348088262   -4.92178408547388    0.87071873727618
                                                    7.68050538574381   -2.24815462261422
                                                                        1.42242428383636
    0.47757671556417       2    1.99123306883012    0.19585964666294
                                                   -0.22066245223215
    0.24543315047126       1  -16.80951159235439
