Sb
    2    3    0    0
    0.58737300085018       2    7.78618875887735   -0.01031229687603
       3
    0.55823161780698       3    1.44936917852759    1.26138137514526   -0.92320643728395
                                                   -3.12764073254119    2.38377489526980
                                                                       -1.89001253480294
    0.62138187461410       2    0.55814792582786    0.30486534327961
                                                   -0.36313529580355
    0.88235919001753       1    0.25986482729674
