Bi
    2    3    0    0
    0.61658158148056       1    6.69269829948320
       3
    0.67933897888214       3    1.37752973866769    0.19895478036263   -0.11491931995202
                                                   -0.49284543743024    0.29671926755964
                                                                       -0.46133561444781
    0.80099477375144       2    0.65258496869605    0.17027017977770
                                                   -0.37496256056603
    0.93476794276112       1    0.27351376564006
