Xe
    4   12   10    0
    0.38122920252989       3   23.96037285528958   -4.66892496611959   -0.59302443023379
       3
    0.32966147476835       2    1.05736351160675    4.28491311646869
                                                   -6.23014350891530
    0.31730977779587       2   -0.24956587772338   -0.61441658239237
                                                    0.67281649111062
    0.44578329576555       2    1.78521300742479   -3.09368824900758
                                                    3.72458038912081
