Ba
    2    0    0    0
    1.12109490913727       1    0.00172590370397
       3
    1.11035489531742       3    1.66585724731198   -0.44754906425034   -0.13878234493525
                                                    0.45795405639528    0.18681393861417
                                                                       -0.17170966734538
    1.26628447745183       2    0.82004023536812   -0.37107779455398
                                                    0.41574106373222
    0.86038260360047       1   -0.76987391473680
