Sb
    2    3   10    0
    0.50487390609761       1    3.30758051797580
       3
    0.47751052482469       3   11.17249402813559   -6.57350903210994    1.50686497092028
                                                   10.70566034061798   -3.89070734339947
                                                                        2.85910244881589
    0.54733381599840       2    4.66110563882994   -2.21706690518403
                                                    2.58669131803780
    0.38015394895180       2   -3.81111585724043   -0.84012852670136
                                                    0.95278346675863
