Y 
    2    0    1    0
    0.60330579986717       2   -1.12368365372296    0.15712181135359
       3
    0.79614458696060       3    1.53222297591655   -0.58196125995729   -0.06609031247109
                                                    1.33345625972222    0.15854691038783
                                                                       -0.11433726933814
    0.92366982100853       2    0.86880041134544   -0.13389669505298
                                                    0.49249699651634
    0.66916658091299       2   -1.03745615978968    0.08363380242947
                                                   -0.10527385730875
