Tc
    1    0    6    0
    0.67614942275904       2   13.40025393873240   -0.01962174895619
       3
    0.70653621133898       2    0.59433191378977   -0.16897070880530
                                                    0.31691374960408
    0.76572976841186       2    0.19510848093665   -0.24581128338074
                                                    0.69524458095387
    0.52561604307343       2   -6.10381975446315   -0.32713985390034
                                                    0.74295310261232
