In
    4    7   10    0
    0.39692027968953       3   24.14675606463743   -4.37139535194023   -0.08399723476497
       3
    0.32022976497315       2    0.69325747855081    4.28491061704225
                                                   -5.74961257897337
    0.39664281086838       2   -0.14640166011934   -0.61441804470027
                                                    0.66122065385109
    0.45430523795607       2    1.75134504790844   -3.09368855632042
                                                    3.56877611337708
