Os
    4    6    6    0
    0.52039846769278       2   13.45877358523923   -2.23090394813020
       3
    0.39094945565261       3   -3.26632823361263    2.36003424177637    3.61101659954542
                                                    2.82667602919905   -9.32361914522384
                                                                        7.40035576066489
    0.34638466882807       2   -6.89299816449322    7.52931888990526
                                                   -8.90168388446201
    0.39286112196292       2   -0.94268217258375   -1.08157041201650
                                                    1.22704304876132
