Nb
    1    0    4    0
    0.72094402967803       2    4.13604189329538    0.00018104895147
       3
    0.69793143501720       2    1.74532304530171   -0.55865050870694
                                                    1.54056783610200
    0.88636932470292       2    0.38132262890461   -0.24865547654018
                                                    0.63012756130045
    0.51037707455183       2   -2.93042133571754    0.75587098627714
                                                   -1.66728489397371
