Cd
    2    0    0    0
    0.64093023883694       1   -0.31751076470940
       3
    0.82876270367481       3    1.21319009299125    0.12565474411281   -0.06401131108604
                                                   -0.42158990856548    0.24644053195073
                                                                       -0.34824113179812
    0.95659309173341       2    0.44864449111561    0.22067827346909
                                                   -0.46016964993141
    1.17421146097597       1    0.10526060260470
