Ni
    2    0    8    0
    0.55113114256624       1    0.04409979954790
       3
    0.42477636875918       3    4.13209075282377   -1.19904876580837    0.73988364147958
                                                    3.09258586334817   -1.90684274830856
                                                                        3.01740349856563
    0.58555953291421       2    1.84821632527808   -0.12154419277229
                                                    0.38819767422335
    0.28524542570296       1  -11.39794083346105
