Rn
    2    6   10    0
    0.50577369723434       3   13.13085737454647    0.17307162418017   -0.22242325100291
       3
    0.46680641972495       2    9.39584597068366   -3.94512009169294
                                                    5.00271462153630
    0.52555845832778       2    5.76700286138708   -3.17707721200812
                                                    3.69095778067359
    0.38770671830034       2   -6.04155087007128    0.92523282986732
                                                   -1.05674609415632
