Y 
    4    6    1    0
    0.47546354000593       2   12.17167785956815   -2.09952342786754
       3
    0.24399597909012       2   23.04613952374411   -8.32539320147111
                                                   10.39384586556616
    0.29010110142212       2    5.85621590732843   -5.85235317955655
                                                    6.78661373174896
    0.41513570279863       2    1.17860866917534   -1.31883367615845
                                                    1.46230635617007
