Os
    4    6    6    0
    0.51997430849308       2   13.41194102510362   -2.21870272745930
       3
    0.39267766561867       3   -3.19159015293554    2.36002956962738    3.61102899152216
                                                    2.82624675106167   -9.32363712336660
                                                                        7.39831591367466
    0.35133967296942       2   -6.77018499331371    7.52931873612328
                                                   -8.91569424570729
    0.39538050722678       2   -0.94239977814430   -1.08157138738049
                                                    1.22691183537028
