At
    2    5    0    0
    0.57899534473983       1   14.19325723523984
       3
    0.67320010369725       3   -0.37881330561290    0.66112687009856    0.27884886478596
                                                   -0.38925586076626   -0.71998608990473
                                                                        0.57140511395210
    0.64869629678852       2    0.24060609164322    0.32622809305145
                                                   -0.39463032697485
    0.85317690402220       1    0.36323594980322
