Au
    1    0    0    0
    0.64996892609238       2   -1.90266521618930   -1.76546863496289
       2
    0.91914287331124       3    1.53946100497690    0.18155475641272   -0.19323569043594
                                                   -0.38879623963039    0.49893764692574
                                                                       -0.79194909328247
    1.16302291693143       3    0.47122924805283    0.27504754118185   -0.06236060032456
                                                   -0.49753922785979    0.14757136222343
                                                                       -0.23637108624705
