Se
    2    4   10    0
    0.46346178977026       0
       3
    0.37709706358167       3   10.56582587944046   -4.92177985141763    0.87071312880091
                                                    7.66087310398418   -2.24814940177469
                                                                        1.80040177932238
    0.52901486576690       2    1.70250131496306    0.19585989779635
                                                   -0.35930063013486
    0.23783563226612       1  -16.65097869103353
