I 
    4   11   10    0
    0.38880070866494       3   24.21675575820584   -4.56042527973605   -0.63492225178856
       3
    0.32612769521267       2    0.98830328943951    4.28490938112807
                                                   -6.05819647108680
    0.33429010904560       2   -0.12115457046893   -0.61441787179529
                                                    0.67921197023020
    0.44806752313151       2    1.73622945638383   -3.09368810330867
                                                    3.86383597350049
