As
    2    3    0    0
    0.49756358270338       0
       3
    0.45661995241141       3    5.52809151445502    0.03512558375013   -1.06108404589674
                                                   -1.77384064803365    2.73970245629087
                                                                       -2.17567124815527
    0.55449584313614       2    1.00268523168046    0.62920765244829
                                                   -0.75652915334968
    0.70376949156275       1    0.26495983351779
