Y 
    2    0    1    0
    0.61524277632653       2   -1.11965443786802    0.10361425446787
       3
    0.78358787224791       3    1.62398198236353   -0.58196641132691   -0.06608567859433
                                                    1.33344667761012    0.15854221468598
                                                                       -0.13456757713060
    0.93314875360785       2    0.86806633356582   -0.13325847708223
                                                    0.44590463245671
    0.67479764947570       2   -1.03752178865215    0.08363193365800
                                                   -0.10530487988187
