Zr
    4    6    2    0
    0.47665409977073       2    7.77791993474245   -1.71858138947353
       3
    0.25870743513721       2   23.15479322899278   -8.57096856680271
                                                   10.97622857221863
    0.28717971297755       2    8.54499599194787   -5.37699535809976
                                                    6.32783130396483
    0.57399235970291       2    0.02604341133271    0.27596408351561
                                                   -0.31241310471741
