Te
    4   10   10    0
    0.38420217219923       3   23.93440274015951   -4.29896618028090   -0.33284501219742
       3
    0.32260468767433       2    0.74378272453610    4.28491225227734
                                                   -5.88827247424977
    0.34506610193068       2   -0.21352725031533   -0.61441729747200
                                                    0.67193150957864
    0.45587994080667       2    1.76534882125884   -3.09368811508470
                                                    3.67092196454589
