Sc
    2    0    1    0
    0.77129652149573       1   -0.01122902179795
       3
    0.59085698203147       3    2.17395443648712   -0.72072151360434    0.31890096567205
                                                    1.94266075035936   -0.88610966552545
                                                                        1.40007458208256
    0.87436034663029       2    0.91820503624805   -0.11847664694954
                                                    0.20476218043839
    0.45128382957403       1   -3.90622690276537
