Y 
    2    0    1    0
    0.61411272230488       2   -1.12122046599743    0.11332064443116
       3
    0.78926699822711       3    1.62388622934144   -0.58196453922346   -0.06608733257296
                                                    1.33344792677268    0.15854330149046
                                                                       -0.11463545277236
    0.93315055588866       2    0.86806144821308   -0.13325854161529
                                                    0.45396029769580
    0.66936470398057       2   -1.03751306651062    0.08363141775254
                                                   -0.10528165271228
