Rh
    3    6    8    0
    0.43435196037636       2   26.14714887801139   -5.03996588212625
       3
    0.32491593050640       2   -0.45499896222467    3.89280468032693
                                                   -4.99846661896745
    0.37934932517191       2   -0.94080803780523   -0.00569621037169
                                                   -0.04938096202117
    0.43379385023691       2    1.57142666022752   -3.01216537417184
                                                    3.41367838075369
