Rn
    4   12   10    0
    0.44307955548458       2    7.32067985763827    0.11913590606891
       3
    0.28429977626436       3   -5.81135347646557   26.10502917754312  -15.17622153843486
                                                  -58.41896885534544   39.18480991587323
                                                                      -31.95780431543147
    0.37293882354981       3   -5.76133135415045    4.73149253789828    2.92706854530924
                                                   -0.71748680121188   -6.92677472955903
                                                                        4.48337524847076
    0.33744297525915       2   -8.83471220454314    9.49190968060906
                                                  -11.16328350763711
