Sb
    2    3   10    0
    0.50939671333491       1    3.29567775429536
       3
    0.48442997798561       3   11.19365356439993   -6.57350680557567    1.50686276119698
                                                   10.73460264716885   -3.89070620240834
                                                                        2.87426674920668
    0.56040598762698       2    4.69965608464160   -2.21706648277130
                                                    2.65100948574781
    0.38900896878569       2   -3.86642266840234   -0.84012883043722
                                                    0.93623586345672
