Cd
    2    0    0    0
    0.64702646287163       1   -0.28576183462600
       3
    0.82877275215157       3    1.25718580721299    0.12565622458502   -0.06401265144966
                                                   -0.42193423065672    0.24644084656639
                                                                       -0.34822146680512
    0.95659389564854       2    0.47729642788666    0.22068696817046
                                                   -0.46016018814145
    1.16632636822175       1    0.12850582127214
