I 
    2    5    0    0
    0.55638070081352       1    8.10341471866546
       3
    0.53246200002144       3    2.32875476441843    1.00399549511324   -0.95921812652345
                                                   -2.85581031411179    2.47656443078700
                                                                       -1.96559752028211
    0.58816407712427       2    0.90505098097286    0.42507035172122
                                                   -0.50834367048510
    0.72819514840620       1    0.47900910896619
