Te
    2    4   10    0
    0.54478116613247       2    3.56576668356026   -1.13018793943224
       3
    0.47579689565748       3   11.71047949453987   -6.57000063127634    1.50000046232182
                                                   10.65584178377852   -3.89000026587580
                                                                        2.77122097982430
    0.53703319423856       2    4.63982409477304   -2.20999951476245
                                                    2.58159555211035
    0.37841525531179       2   -3.85564821509312   -0.84000003086872
                                                    0.91938123503780
