Cs
    1    0    0    0
    1.60067667297784       0
       3
    0.88771352647470       3    0.98518898895694   -0.06481993709546   -0.18757234341410
                                                   -0.02724435314558    0.57684459159255
                                                                       -0.17203363552239
    1.31255439408607       2    0.05682192893921    1.11774025109363
                                                    0.55550309551898
    1.03775885134482       1   -0.59571994036179
