Ir
    4    6    7    0
    0.50995999350357       2   13.34166517145841   -2.31598597732401
       3
    0.39006193310142       3   -2.44731071307263    1.05519370316074    4.67505384588833
                                                    6.24168501902640  -12.07094300323912
                                                                        9.57398947489068
    0.34770812510195       2   -6.59957836604035    7.35318015648416
                                                   -8.60556454209263
    0.38143893728314       2   -0.85575591363931   -1.17534593382231
                                                    1.33439827700621
