Te
    2    4    0    0
    0.57308901303139       1    8.66909644349903
       3
    0.57602731224382       3    1.40088810040395    0.97877859789941   -0.48630717624061
                                                   -2.05455378705343    1.25563696624420
                                                                       -0.99657068593813
    0.58676060107676       2    0.75737856440784    0.32398535973148
                                                   -0.39253370314658
    0.81340348247750       1    0.32369785182773
