Xe
    2    6    0    0
    0.55611096910356       1    8.03345846178171
       3
    0.53081143059979       3    2.23057118319106    1.20037103280469   -0.99851221659633
                                                   -3.17141673234382    2.57812690911198
                                                                       -2.04559003274302
    0.58134912207345       2    0.79515829567187    0.59123326917291
                                                   -0.70537810651950
    0.67564108609040       1    0.55791089497162
