Sc
    2    0    1    0
    0.77499500775319       1    0.00521438896865
       3
    0.60531801385609       3    2.16419886526857   -0.72072617699187    0.31890665339576
                                                    1.97710034083340   -0.88611554392461
                                                                        1.41854720054750
    0.87445399559497       2    0.91715529210486   -0.11857942448415
                                                    0.21458784781306
    0.45653656558789       1   -3.88870897578923
