Po
    4   10   10    0
    0.45372801033635       2    7.27792043427947    0.28798287227207
       3
    0.28381004451473       3   -5.83443313963630   26.10502106674624  -15.17621119261499
                                                  -58.39220672323978   39.18480629457009
                                                                      -31.36019891143830
    0.38157344915130       3   -5.82331968697793    4.73149053524791    2.92707150061591
                                                   -0.70496021568301   -6.92677409374979
                                                                        4.83535670965798
    0.35031168212059       2   -8.78072485948818    9.49191241723744
                                                  -10.77898406186207
