Ce
    6   12   11    1
    0.20023676415652       2  147.89569874605343    3.98147863194881
       4
    0.23888920297065       2    2.45967228171085    4.20999892849392
                                                   -5.43153060220176
    0.17285619219171       3   -4.78836190524341   11.78843845118317    0.01475881165918
                                                  -13.99723840381655   -0.03492688063493
                                                                        0.13468722672975
    0.17178056618808       1  -14.90965508548769
    0.26523665553317       1   -4.75045410352283
