Bi
    2    3    0    0
    0.61119068946607       1    6.43863881453544
       3
    0.68491865762431       3    1.37741142550110    0.19894198046388   -0.11490953217788
                                                   -0.49205085177137    0.29671292338350
                                                                       -0.46052039668084
    0.79441548221817       2    0.66655464257472    0.17026914344787
                                                   -0.38538535329602
    0.83646294003714       1    0.82157526178189
