Rn
    2    6   10    0
    0.50590801085340       3   13.10902653335032    0.16870573426918   -0.22228164323012
       3
    0.46681949406997       2    9.39793421398754   -3.94511973916101
                                                    5.00275388955510
    0.52858350149197       2    5.75092884860063   -3.17707713762872
                                                    3.69081365043238
    0.39029394806277       2   -6.02735036801469    0.92523289373261
                                                   -1.05674724503670
