Xe
    2    6   10    0
    0.49338576977126       1    4.77508666133828
       3
    0.46368904304838       3   10.87303273732963   -6.57351000214475    1.50686625260471
                                                   10.57490398027495   -3.89070809229336
                                                                        2.57007527279090
    0.48962276965223       2    4.57663862652297   -2.21706550019791
                                                    2.68429640888757
    0.40139687003326       2   -3.56098042880444   -0.84012794100895
                                                    0.42801625785957
