Hg
    4    6   10    0
    0.49274475297610       2    7.16568421754564    0.45520137309260
       3
    0.29632304824760       3   -5.75056007895626   26.10502624077967  -15.17621240122829
                                                  -58.38586117148611   39.18482123776020
                                                                      -31.31209632578533
    0.37455801310234       3   -5.88363175117235    4.73149368315519    2.92707080019237
                                                   -0.72067004810243   -6.92677320735471
                                                                        4.86075490985073
    0.35642986819747       2   -8.72347413570566    9.49191418884255
                                                  -10.76225011144087
