Ti
    2    0    2    0
    0.72849445069575       0
       3
    0.53876219749444       3    1.79427386645362   -0.58036244719163    0.86213743651012
                                                    1.64506524494836   -2.31298147811530
                                                                        3.71228196294835
    0.78078513892929       2    0.99713629932609   -0.04672827160028
                                                    0.32080049030590
    0.40814178518960       1   -4.75486526231710
