Pt
    3    6    9    0
    0.50369374851507       2    8.81185028932735   -0.30251918166958
       3
    0.29210327090874       3   -5.97871808320942   24.21289965999992  -13.78967804212236
                                                  -53.70614143772617   35.60479895361355
                                                                      -28.25714335205932
    0.36685767839479       3   -6.66258895897359    7.17066020916068    0.76690369999558
                                                   -7.20745182660050   -1.81482537999368
                                                                        1.31048529074392
    0.34320902925873       2   -8.58947776953127    9.41012199999454
                                                  -10.68017838627506
