Au
    1    0    0    0
    0.65013812386887       2   -1.90648539019027   -1.76518863798860
       2
    0.91913736218044       3    1.53950035209537    0.18155494391415   -0.19323623685171
                                                   -0.38882121636951    0.49893805075102
                                                                       -0.73046976414535
    1.16128440345604       3    0.47011526199829    0.27528529621364   -0.06236152635175
                                                   -0.49565373231543    0.14757634590732
                                                                       -0.19359389984275
