Sr
    2    0    0    0
    1.01446022103462       2    0.73953130663516    0.03124335032110
       3
    0.82544576234338       3    1.32020194683487   -0.37365874186060   -0.07744437119347
                                                    0.97904263951649    0.20317080749180
                                                                       -0.27894957127387
    1.14954108568269       2    0.42264652908224    0.01103404803975
                                                    0.07751856336875
    0.75163967128643       1   -1.42056039135428
