Se
    2    4    0    0
    0.49383949566494       0
       3
    0.43351933352727       3    6.53183239440370   -0.22271013948296   -1.19613320221180
                                                   -1.65767725794195    3.08839228992791
                                                                       -2.45027636065839
    0.46899143332560       2    2.27080197283961    0.36533577433885
                                                   -0.43211491280469
    0.62574203710168       1    0.40321356043132
