Cu
    2    0    9    0
    0.52782421276330       0
       3
    0.43181572668166       3    9.70218785153882   -6.47017476933493    1.93596474249715
                                                   11.49082962684827   -4.99861677145424
                                                                        3.99192984029648
    0.56225402421822       2    2.54391715302876   -0.78463413975499
                                                    0.92856354506234
    0.26333080209316       1  -12.83433142086708
