Bi
    4    9   10    0
    0.46304390647147       2    7.17732182106821    0.43645812103395
       3
    0.29079595078238       3   -5.74807745244699   26.10501663291215  -15.17620634172774
                                                  -58.38970723422607   39.18480611512408
                                                                      -31.39210834575197
    0.38865545358653       3   -5.89585988930684    4.73149488013691    2.92706892755713
                                                   -0.69567243876549   -6.92677512079607
                                                                        4.86676641698399
    0.34298596104247       2   -8.72704522742310    9.49191292101178
                                                  -10.82862172867514
