At
    4   11   10    0
    0.45203352712252       2    7.26997470314906    0.24215553495711
       3
    0.27643867537172       3   -5.87326838435054   26.10502820210140  -15.17621756920536
                                                  -58.39108854365154   39.18481146047162
                                                                      -31.49587478382336
    0.36063913127213       3   -5.88798166402627    4.73149193196076    2.92707126183301
                                                   -0.69886547788470   -6.92677690607329
                                                                        4.80649494690296
    0.35649087203501       2   -8.76010464379653    9.49191220231676
                                                  -10.87689691382422
