Xe
    4   12   10    0
    0.38165009343080       3   24.23551002456779   -4.72655615648896   -0.62659900296555
       3
    0.32969139904140       2    1.12081970133515    4.28490997697466
                                                   -6.26462202139752
    0.32055871939848       2   -0.20404540216319   -0.61441732797669
                                                    0.65867153902447
    0.44526479488643       2    1.76227861176122   -3.09368841141630
                                                    3.76640470742693
