Pd
    2    6   10    0
    0.42077940715360       2   26.77522342784862   -4.97691329152936
       3
    0.32086828255289       2   -0.69692526321114    4.38486474916934
                                                   -5.56542812354846
    0.41421869090267       2   -0.04615283083476   -1.07795244852919
                                                    1.18007513607705
    0.44007009290062       2    1.62507909678777   -3.09368789374709
                                                    3.50200506030330
