Rn
    4   12   10    0
    0.43476218264302       2    7.30080803216218    0.18855255700726
       3
    0.27659215878088       3   -5.82982179947157   26.10502824202147  -15.17622215989957
                                                  -58.40476567218267   39.18480838309099
                                                                      -31.68950961214898
    0.37190800909793       3   -5.78553697182725    4.73149295708939    2.92706822576379
                                                   -0.71241188656383   -6.92677562083924
                                                                        4.59274015984588
    0.35162219194526       2   -8.79900625798071    9.49190967318642
                                                  -11.08064146108636
