Ag
    1    0    0    0
    0.51128235997392       1   -0.53984226359962
       3
    0.83785392568989       3    0.74782401993009    0.12558539695976   -0.06395084483350
                                                   -0.42852809814565    0.24639508748096
                                                                       -0.28296472295051
    0.93515738579592       2    0.51357199305191    0.01615685533435
                                                   -0.28348508325939
    1.16633433864847       1   -0.00312320606846
