In
    4    7   10    0
    0.39491806009421       2   24.19176150348718   -4.42199974468507
       3
    0.32258237715338       2    0.63848294026079    4.28491112362921
                                                   -5.77544452613543
    0.40762631177561       2   -0.16277988837781   -0.61441750064250
                                                    0.66003554807918
    0.45800633447526       2    1.75020209620036   -3.09368825654095
                                                    3.53850351259487
