Os
    4    6    6    0
    0.52392515598121       2   13.45330633023106   -2.34202190813853
       3
    0.38009733283569       3   -3.26824842264577    2.36003411502993    3.61101681649151
                                                    2.79554553839561   -9.32361915942697
                                                                        7.40034468926884
    0.34378989969654       2   -6.89393191538512    7.52931886529546
                                                   -8.86884233116129
    0.39311928617118       2   -0.94267425553025   -1.08157032382205
                                                    1.22579586656822
