Zn
    2    0   10    0
    0.50704497116043       0
       3
    0.40153914886972       3   11.46099633708794   -8.79185939119227    3.14506021791593
                                                   16.47812340695654   -8.12056447050132
                                                                        6.45423953500616
    0.54401594722967       2    2.58674919349177   -0.59303624719383
                                                    0.70433376491511
    0.25092539476125       1  -14.48329818412980
