Sn
    2    2    0    0
    0.60250465201545       1    6.21263833738331
       3
    0.56874605826694       3    1.56461730431162    1.46995739917850   -1.17853010300458
                                                   -3.81408699034861    3.04308068471527
                                                                       -2.41482930801345
    0.63873813118572       2    0.52285149352146    0.40321234391824
                                                   -0.47776446525932
    0.98021827275691       1    0.19637716765051
