Cd
    2    0    0    0
    0.64770459870990       1   -0.28554305060041
       3
    0.83005625464439       3    1.25718544877348    0.12565605040606   -0.06401251088113
                                                   -0.42193344787581    0.24644047817274
                                                                       -0.31976679509799
    0.95659384709414       2    0.46829583942303    0.22659069321160
                                                   -0.45250204059927
    1.16633328548299       1    0.13444219809448
