Kr
    2    6    0    0
    0.49207499621908       0
       3
    0.42158267225871       3    6.46203761319923    0.53867049835932   -1.50261033899614
                                                   -3.12725722549881    3.87969127624885
                                                                       -3.07976456329515
    0.43320668432237       2    2.60570404204370    0.70511124160240
                                                   -0.83450810122593
    0.52675324563904       1    0.59111992286918
