W 
    4    6    4    0
    0.54032790699941       2   13.41930944764708   -2.21085137109861
       3
    0.39747880977370       3   -4.13184905031361    3.83542682090715    2.23317857859534
                                                   -1.31924200722531   -5.76604829819912
                                                                        4.57661016261964
    0.35193023903637       2   -7.46973298850924    8.11232651729238
                                                   -9.59979561243089
    0.41211374669306       2   -0.95464288303456   -1.06745295482892
                                                    1.21037676967506
