Ti
    2    0    2    0
    0.72252024995001       0
       3
    0.52118088629792       3    1.81349230005568   -0.58038209347149    0.86215165445442
                                                    1.61842003727613   -2.31298840165228
                                                                        3.68957280165757
    0.78088000158200       2    0.99734366063814   -0.04406056659871
                                                    0.25427141485459
    0.41278303175728       1   -4.78717290216359
