Nb
    1    0    4    0
    0.71878677043127       2    4.13115402086674   -0.06317860300794
       3
    0.67608694775615       2    1.71713001415303   -0.55864781005377
                                                    1.52833431017724
    0.88598412796198       2    0.38078869409704   -0.24884771118047
                                                    0.60719868771156
    0.51906028258281       2   -2.92997044800250    0.75587127737072
                                                   -1.66710339656421
