I 
    4   11   10    0
    0.38354490370177       3   24.15347856002845   -4.52262082512189   -0.53385361303014
       3
    0.32249567432469       2    0.98405868054030    4.28490994941777
                                                   -5.99057772129149
    0.31952296445258       2   -0.20496500423781   -0.61441752750250
                                                    0.66920607711536
    0.44759404763608       2    1.75453677853032   -3.09368809508546
                                                    3.77011676407366
