Ta
    4    6    3    0
    0.55008706870761       2   13.35250228411079   -2.24819584211888
       3
    0.40157026215959       3   -4.34446910892908    4.17649624370190    1.87560457704440
                                                   -2.34133621599048   -4.84279720882884
                                                                        3.84360129123081
    0.35658035013143       2   -7.58045016210461    8.17895578918129
                                                   -9.67807668788804
    0.41821865050474       2   -1.11319164246452   -0.87532794186156
                                                    0.99271959396631
