Se
    2    4   10    0
    0.46918796318139       0
       3
    0.37614833752267       3   10.53177317434128   -4.92178521550614    0.87071760380817
                                                    7.65905498140255   -2.24815102650768
                                                                        1.84546007701097
    0.53336958180370       2    1.70140107731178    0.19585930561414
                                                   -0.34715157967071
    0.23909246185825       1  -16.67226270715384
