Ga
    2    1    0    0
    0.54853396370288       1    0.23912343811659
       3
    0.56574044225298       3    2.18035593160325    1.03244220799063   -0.76063212299302
                                                   -2.58910876255521    1.96392739602129
                                                                       -1.56670282646485
    0.64839025006236       2    0.29612163300958    0.61341823729953
                                                   -0.76472989955337
    1.00433227952386       1    0.05982277026129
