Xe
    2    6   10    0
    0.49450743501571       1    5.07759716247842
       3
    0.45915206416588       3   10.81937112076561   -6.57000018193811    1.50999981336087
                                                   10.58100428092909   -3.88999951521658
                                                                        2.53025027022644
    0.47713529480799       2    4.59165673261083   -2.21999968147230
                                                    2.68060582548827
    0.40535397280838       2   -3.42328039140821   -0.83999995497217
                                                    0.38877550252423
