Ce
    6   12   11    1
    0.20018046697634       2  148.04808780577542    3.95315078074725
       4
    0.23848299556286       2    2.25608464318362    4.21351945705851
                                                   -5.42452098133004
    0.16800281591196       3   -4.43034157943189   11.78843538915458    0.01475922416540
                                                  -14.00250142123194   -0.03492627671968
                                                                       -0.05977747823639
    0.17173826590265       1  -15.11583925205440
    0.26526564875676       1   -4.75612850738450
