Br
    2    5    0    0
    0.50043989866287       0
       3
    0.43803903073908       3    6.07875611887611    0.33049815877084   -1.23838211867381
                                                   -2.44088400076125    3.19748911625184
                                                                       -2.53792839112037
    0.45313593209634       2    2.45929974384269    0.52275298494798
                                                   -0.61854396890017
    0.56777130229371       1    0.55927379795671
