In
    2    1    0    0
    0.60961243200104       1    5.14227227954371
       3
    0.68425634832111       3    0.56242036705975    0.99900267728503   -0.48094072553461
                                                   -2.07202547430190    1.24178182590083
                                                                       -0.98562575212269
    0.76176138769862       2    0.10577721864609    0.42328557626182
                                                   -0.50097734216079
    1.15172866322380       1    0.11436112400527
