Au
    1    0    0    0
    0.65012962406511       2   -1.93433361303712   -1.76301507822439
       2
    0.91899990197208       3    1.53884703597749    0.18154008148751   -0.19322359881314
                                                   -0.39867555779933    0.49893059659266
                                                                       -0.80160419188383
    1.15961099620762       3    0.47119620767425    0.27510634936960   -0.06250902847804
                                                   -0.49750710168458    0.14763684068549
                                                                       -0.25336590837855
