Re
    4    6    5    0
    0.52997285904335       2   13.33436905301462   -2.20630082936233
       3
    0.39449957252489       3   -3.61872732446956    3.15477963662119    2.85593652687816
                                                    0.57231583331367   -7.37399187530555
                                                                        5.85270030911471
    0.35250886769809       2   -6.94121285743459    7.56675933361921
                                                   -8.95302008759301
    0.40184294758555       2   -0.89971015667554   -1.14916973974504
                                                    1.30348552217080
