K 
    1    0    0    0
    0.88722884833470       1    0.08373423591225
       3
    0.94971038525934       3    0.98879700511619   -0.13629828078028   -0.08734580737815
                                                    0.37778539009613    0.16924238773675
                                                                       -0.24335085663540
    1.06916971969736       2    0.59090469523362    0.00493894963263
                                                    0.05388072940928
    0.70763615084682       1   -1.55304192758320
