Br
    2    5    0    0
    0.49358944988428       0
       3
    0.43866713548253       3    6.07891296978441    0.33049900166728   -1.23838306975131
                                                   -2.44090695684937    3.19748959176031
                                                                       -2.53794060627881
    0.45167643815299       2    2.45941861816311    0.52275325649975
                                                   -0.61856424831783
    0.56703506135520       1    0.54405117331293
