Rn
    2    6    0    0
    0.56503147692280       1   16.13068528747509
       3
    0.63766916454046       3   -0.57885013155464    0.80314917835831    0.29737065817046
                                                   -0.54930561189057   -0.76783417735027
                                                                        0.61113523284340
    0.64258751680385       2    0.14947331322783    0.30517413926112
                                                   -0.38594388849304
    0.80623285623528       1    0.46676651665912
