I 
    2    5   10    0
    0.55771015748264       2    3.57008053744476   -1.26160661373282
       3
    0.46748999735587       3   11.71902802453740   -6.56999971628509    1.50000006835347
                                                   10.65149427902157   -3.88999999621101
                                                                        2.71081844027440
    0.52447825666555       2    4.62925918144946   -2.20999992399066
                                                    2.57975172355495
    0.39355573326835       2   -3.84641188923634   -0.83999997971052
                                                    0.91820215994740
