Pt
    3    6    9    0
    0.50023834323855       2    8.80761682949933   -0.29224695728328
       3
    0.29800450113165       3   -5.96986332819754   24.21289965999992  -13.78967804212236
                     -53.68763413000000   35.60479890000057
                     -28.26151565156513
    0.36058361183697       3   -6.67487820215815    7.17066020916068    0.76690369999558
                      -7.20698813982077   -1.81482537999368
                       1.29035948697583
    0.34053295964396       2   -8.58990455000000    9.41012199999454
                     -10.68007537015553
