Xe
    2    6    0    0
    0.55467530797517       1    8.02187270949555
       3
    0.53090548344542       3    2.23051273500630    1.20037798787545   -0.99851553290562
                                                   -3.17159096637119    2.57812437134894
                                                                       -2.04512985306400
    0.58029470838846       2    0.78349273795351    0.59123264360551
                                                   -0.70595537632492
    0.67566296845101       1    0.55808608892511
