Po
    2    4   10    0
    0.49899705949721       3   13.05916067283894    0.33053911454575   -0.10371580887625
       3
    0.47888563539601       2    9.34634521510137   -3.94511964425374
                                                    5.12202821217828
    0.54120986983498       2    5.73354538220681   -3.17707836973151
                                                    3.73350506262814
    0.38432419523256       2   -6.11124463594520    0.92523265355840
                                                   -1.05651348084201
