Bi
    2    3   10    0
    0.49573246656053       3   13.03917312774963    0.36242546411539    0.05429515513620
       3
    0.48337660397669       2    9.34730238680874   -3.94512120919746
                                                    5.12463867883229
    0.56078540010086       2    5.78679580327661   -3.17707696569732
                                                    3.79250291994625
    0.40454616016402       2   -6.14921754925591    0.92523271154705
                                                   -1.06503613558186
