Po
    2    4   10    0
    0.49598307340152       3   13.05564615163646    0.33016682390965   -0.03789573773825
       3
    0.48407680356337       2    9.34653253095430   -3.94511934167325
                                                    5.12130388667682
    0.55785024350067       2    5.75033368234528   -3.17707899854674
                                                    3.75988548884847
    0.39658758430329       2   -6.12486178354030    0.92523244730656
                                                   -1.08392823099493
