Sb
    2    3    0    0
    0.58999979470812       1    7.93902140221844
       3
    0.55613638191086       3    1.43085258971511    1.26142607952191   -0.92323354402344
                                                   -3.13013426699289    2.38377814897866
                                                                       -1.89206627373718
    0.62283165585799       2    0.56147246674331    0.30484495316684
                                                   -0.36070008513226
    0.88948669176976       1    0.27086902636039
