Rh
    3    6    8    0
    0.41310123923000       2   27.36215346992317   -4.92355013331236
       3
    0.33312550171288       2    0.08477309995620    2.76202293277312
                                                   -3.50835961307450
    0.31060288275280       2   -0.27160569813357   -0.72874731821471
                                                    0.46585372680957
    0.42841470584491       2    1.21630000571090   -2.68646040300926
                                                    3.12307488441453
