Zr
    2    0    2    0
    0.68119385144480       2   -0.64606234146268    0.07527746359408
       3
    0.66362120163926       3    1.48149669858046   -0.94499393266100    0.29585409280501
                                                    2.39455531987977   -0.76600086660976
                                                                        1.21622694980830
    0.88012837040534       2    1.08524488030757   -0.15130868422893
                                                    0.46733650096280
    0.62851006644983       2   -1.19013388925410   -0.08924397454517
                                                    0.17401289739063
