Hg
    2    0    0    0
    0.64041056392485       1   -3.29822541323821
       3
    0.81220444266270       3    1.79174537464775    0.18053038860515   -0.19516598520092
                                                   -0.47577137986105    0.50391628907100
                                                                       -0.76185952636827
    1.05579685305736       2    0.48297040300014    0.22464144162793
                                                   -0.50853965783736
    1.10176712679387       1    0.19113570333873
