Pb
    2    2    0    0
    0.62970436462638       1    0.78032753890672
       3
    0.70088615490685       3    1.98546178459867    0.06388754185254   -0.19665758337124
                                                   -0.17717114528902    0.50776910496294
                                                                       -0.77938357556003
    0.85306861820247       2    0.84169499037606    0.22860125386457
                                                   -0.53267197410140
    0.97208943197069       1    0.45393583641003
