Pd
    2    6   10    0
    0.41485233798453       2   26.06083379489325   -4.81385884543845
       3
    0.31410232655543       2   -0.16785447006198    4.38486530692476
                                                   -5.61211420112280
    0.42133806163471       2   -0.04113466946635   -1.07795064982593
                                                    1.26633251745515
    0.44079927715786       2    1.63036543935411   -3.09368877255149
                                                    3.50173573532165
