Cr
    2    0    4    0
    0.63919208841177       0
       3
    0.50423265019241       3    2.11058062714305   -0.87519507745652    0.72676721461709
                                                    2.09644670895697   -1.85217287508068
                                                                        3.04369220553840
    0.72643403103230       2    1.15271177257268   -0.10306582664179
                                                    0.28001784016626
    0.35170320805491       1   -6.61638034792544
