Sb
    2    3   10    0
    0.50694208912309       1    3.19295694773666
       3
    0.47714482679816       3   11.19277889385874   -6.57350351891720    1.50686320097674
                                                   10.70154418520731   -3.89070703474942
                                                                        2.84022924408248
    0.54116416243833       2    4.67305023950303   -2.21706605830719
                                                    2.58642284551406
    0.37995674058556       2   -3.82039603816683   -0.84012853466679
                                                    0.95108475325586
