W 
    4    6    4    0
    0.54028049164115       2   13.35009948297581   -2.18297736499959
       3
    0.39940648239568       3   -4.05528828865933    3.83543669607477    2.23316367759939
                                                   -1.31191326838882   -5.76603537012315
                                                                        4.57525112181955
    0.35560686838351       2   -7.39540718131070    8.11232670866609
                                                   -9.59943864043217
    0.41613559494910       2   -0.95342853991374   -1.06744053572264
                                                    1.21038850409553
