At
    2    5    0    0
    0.57752471519225       1   14.03918399267531
       3
    0.68355739932177       3   -0.38756018064420    0.66111885992484    0.27883931843617
                                                   -0.39746562567531   -0.71995426144344
                                                                        0.57332783652443
    0.64020339028614       2    0.21957210631264    0.32623077827901
                                                   -0.40515115178780
    0.86810789968133       1    0.37431601387606
