Ta
    4    6    3    0
    0.55497889746639       2   13.37801929478030   -2.42169039261807
       3
    0.38537262037642       3   -4.44608304563466    4.17648942004319    1.87560512297911
                                                   -2.42243788517990   -4.84279856138194
                                                                        3.84244069315429
    0.35080928722575       2   -7.60729799491038    8.17895448399971
                                                   -9.67515891522088
    0.41856942079848       2   -1.11370292015695   -0.87533142907556
                                                    0.99248834637793
