I 
    2    5   10    0
    0.49429374434813       1    4.23105091022912
       3
    0.46803861527378       3   10.97319338915770   -6.57351418215408    1.50686936173798
                                                   10.67643938501275   -3.89071011651397
                                                                        2.62954159958657
    0.50625878563079       2    4.57688012423255   -2.21706536298350
                                                    2.69613644847953
    0.39072337294807       2   -3.63155198694280   -0.84012790097386
                                                    0.61561361754614
