In
    2    1   10    0
    0.53015287669668       1    2.75551380942414
       3
    0.48235756001019       3   11.32852321196380   -6.57348948885858    1.50684772265427
                                                   10.95875617325453   -3.89069085091660
                                                                        3.08169376233510
    0.58055816963575       2    4.85475921022811   -2.21705299271317
                                                    2.66727487264430
    0.38719064011308       2   -4.00933835879832   -0.84012938216539
                                                    0.94192095809840
