Mo
    1    0    5    0
    0.70751965380139       2    8.29912376883703    0.02609392015970
       3
    0.68410384437725       2    2.11416206378849   -0.38826807694860
                                                    1.04194179113593
    0.81789900417548       2    0.57179451058935   -0.48948763505326
                                                    0.89909434651727
    0.45676908245730       2   -2.76643657366827    3.00196564323060
                                                   -6.84595895801770
