Sb
    2    3   10    0
    0.50105990573830       1    3.38639852426743
       3
    0.47521840765032       3   11.19253484122695   -6.57350322380765    1.50686339282902
                                                   10.70034915728365   -3.89070937716313
                                                                        2.83727579315094
    0.53971785487079       2    4.66098042758325   -2.21706755096867
                                                    2.58544306211700
    0.37635769461183       2   -3.79372158661149   -0.84012857159923
                                                    0.95119868193459
