V 
    2    0    3    0
    0.69525124189744       0
       3
    0.52418731298007       3    2.17609502873216   -0.73573925722926    0.73159193678421
                                                    1.91547484231068   -1.93302663938479
                                                                        3.09738075573768
    0.75712756765275       2    1.10636980705172   -0.13626875002972
                                                    0.33272695852734
    0.37308269321880       1   -5.83186449664165
