Sb
    2    3    0    0
    0.58748090917862       1    7.88472863421066
       3
    0.55708801219664       3    1.40361985887009    1.26142553381847   -0.92323343783903
                                                   -3.13012115471081    2.38377841765215
                                                                       -1.89206530257778
    0.61627715469505       2    0.53786682605304    0.30484402081227
                                                   -0.36876453660382
    0.88948600781392       1    0.21248190700415
