Po
    4   10   10    0
    0.45445706954816       2    7.27908946809391    0.28509612506245
       3
    0.28274478055545       3   -5.83366806899775   26.10502253881996  -15.17621000744003
                                                  -58.39222164856734   39.18480660633013
                                                                      -31.36157761734535
    0.36975533772149       3   -5.84249222395674    4.73149002436867    2.92707182792688
                                                   -0.69701754995282   -6.92677369988906
                                                                        4.86557050135280
    0.34969811806138       2   -8.78053617702601    9.49191248344017
                                                  -10.77053266018237
