In
    2    1    0    0
    0.60940999992060       1    5.18474278126971
       3
    0.68892013083685       3    0.56231356598265    0.99900260326698   -0.48094091802369
                                                   -2.07195570900944    1.24178220601691
                                                                       -0.98562869814734
    0.76410169218900       2    0.10595430883221    0.42328454766605
                                                   -0.50088031012584
    1.15517970754923       1    0.11599921537823
