Cd
    2    0   10    0
    0.55098420881331       1    3.65424961229707
       3
    0.49456388889129       3   10.17147207698301   -6.50695551833817    1.80457639488949
                                                   11.34361957097065   -4.65939800515321
                                                                        3.74131889857402
    0.60515305494221       2    4.01415726284860   -1.88365225686405
                                                    2.22889515173529
    0.37928182820781       2   -6.13438794528560    1.53571042426775
                                                   -1.73886051393722
