Re
    4    6    5    0
    0.53353615897856       2   13.45407369989064   -2.35829599234638
       3
    0.38122940507389       3   -3.70428432021459    3.15477898935998    2.85593315924222
                                                    0.53282723232919   -7.37399484698812
                                                                        5.85121575075904
    0.34517060298444       2   -7.06279216850277    7.56676127466667
                                                   -8.93296176162084
    0.40220538565052       2   -0.90010684262317   -1.14916901761712
                                                    1.30266479606822
