At
    2    5   10    0
    0.49429798569666       3   13.03597483502806    0.36693350375840   -0.03033583243355
       3
    0.47296342552146       2    9.34646267724370   -3.94512035486976
                                                    5.15814757975182
    0.54403756430247       2    5.80901663199890   -3.17707659826242
                                                    3.78430881053221
    0.39776477175378       2   -6.14026304273288    0.92523277632432
                                                   -1.06591476851207
