In
    4    7   10    0
    0.39615940566393       3   24.12735014043723   -4.32241279127189   -0.06849040765218
       3
    0.31965221942948       2    0.69299589660078    4.28491149498402
                                                   -5.73722533457192
    0.39605863141660       2   -0.16630393881574   -0.61441767361260
                                                    0.66114191841216
    0.45465668843642       2    1.75101522323812   -3.09368835064100
                                                    3.55958781983036
