Br
    2    5   10    0
    0.45804730933826       0
       3
    0.39575574658044       3   10.38647563130834   -4.92177002854491    0.87070673497826
                                                    7.68089784294431   -2.24814732891103
                                                                        1.36721985779680
    0.52412644145925       2    1.63778325261552    0.19586027810271
                                                   -0.26674358204189
    0.24539795177257       1  -16.44969319047913
