Sr
    2    0    0    0
    1.01026589276720       2    0.73834054962489    0.03023841471254
       3
    0.82537251049919       3    1.38357755576404   -0.37365921230608   -0.07744454036910
                                                    0.92068144611453    0.20317113916920
                                                                       -0.27892928917322
    1.14926831348523       2    0.43291148378076   -0.02306798908252
                                                    0.07729374076152
    0.74552155197249       1   -1.42061346797509
