Hf
    4    6    2    0
    0.56223320286868       2   15.57703572848454   -2.42885572180942
       3
    0.31829013128099       3  -10.59349949257344   27.37271043001192  -14.96161808438191
                                                  -59.65200009825051   38.63063360083827
                                                                      -30.63664036837916
    0.36240865074386       2   -9.64536565368929    9.22329656133683
                                                  -10.94369377693222
    0.41837977534994       2   -2.75005732252806    0.48132764701947
                                                   -0.54672800418608
