Y 
    4    6    1    0
    0.47372759176917       3   12.16806983135408   -2.10935724566471    0.00109084505064
       3
    0.24382208795590       2   23.02909059419648   -8.32539230981203
                                                   10.41654188656450
    0.29006907180854       2    5.87600391801042   -5.85235184600202
                                                    6.80617347691225
    0.41275250018438       2    1.16880694375331   -1.31883619149028
                                                    1.48217562264566
