Cr
    2    0    4    0
    0.63337892279809       0
       3
    0.49496594563599       3    2.10634514380948   -0.87519459917954    0.72676777334517
                                                    2.06347797386352   -1.85217355946821
                                                                        3.04222027850686
    0.72704348585611       2    1.15111392451258   -0.10256860672483
                                                    0.25381006682329
    0.35595209713498       1   -6.61817559788498
