Mo
    1    0    5    0
    0.70786368938019       2    8.30544329457811    0.02711867575564
       3
    0.68896289760552       2    2.23075749517436   -0.38826736058655
                                                    1.04565689197007
    0.81798551399529       2    0.57196788715278   -0.48949030538931
                                                    0.91798380204621
    0.45972532686716       2   -2.76648027937214    3.00196545612148
                                                   -6.86399087047789
