In
    2    1   10    0
    0.52993354955541       1    3.32488065782955
       3
    0.47949939313569       3   11.16240272580300   -6.57350900749623    1.50686364061574
                                                   10.93795866406970   -3.89070374273433
                                                                        3.08815175143900
    0.56993704255735       2    4.70112873862856   -2.21706225946605
                                                    2.62400751172658
    0.37706850008770       2   -4.00228599062278   -0.84012847449648
                                                    0.95261161779647
