Ge
    2    2   10    0
    0.49048763924252       0
       3
    0.40713550965428       3   10.43358583992597   -4.92175199524718    0.87071493967033
                                                    7.70995813501422   -2.24818591617218
                                                                        1.72600081169637
    0.56425120620557       2    1.67198754866820    0.19583418705540
                                                   -0.28410108265662
    0.23832594536767       1  -16.45474963370721
