Sn
    4    8   10    0
    0.39261481579787       3   24.12956426509440   -4.60509549185705   -0.08323285130813
       3
    0.31982483961254       2    0.71497230348696    4.28490894898846
                                                   -5.74614099742558
    0.39010582297579       2   -0.11730475675424   -0.61441715519200
                                                    0.66470078590372
    0.45399950742600       2    1.74382815737940   -3.09368784936970
                                                    3.60010642358388
