Ag
    1    0   10    0
    0.57261106306598       1   -0.09385803385303
       3
    0.52717234953960       3    9.59197051473697   -5.27424307477601    0.99704951215170
                                                    8.43011315537666   -2.57436731901903
                                                                        2.02769689464872
    0.62063433152651       2    3.90685516526208   -1.68549606211171
                                                    2.06129973086099
    0.39996164126406       2   -2.69173032638784   -0.43354834309660
                                                    0.39191108950052
