Se
    2    4   10    0
    0.46229605701732       0
       3
    0.37567180608343       3   10.55342851253368   -4.92178626887234    0.87071797252783
                                                    7.66757807399746   -2.24815270720015
                                                                        1.80814629121984
    0.52860315436431       2    1.70239472551350    0.19585922306109
                                                   -0.35942809828389
    0.23672672139195       1  -16.65409474871286
