Rh
    3    6    8    0
    0.42736363383095       2   25.86959408274683   -4.91083948153014
       3
    0.32600120051507       2   -0.66176138625828    3.89280700488548
                                                   -4.81738835417773
    0.38462849622833       2   -0.91606523633382   -0.00569960130098
                                                    0.01702035672612
    0.43288762155226       2    1.57187848301144   -3.01217401222582
                                                    3.41305460035923
