Pb
    2    2    0    0
    0.62364000090222       1    0.77221004541627
       3
    0.70898481414446       3    1.98037479242385    0.06388697414931   -0.19665742345251
                                                   -0.15036792738725    0.50776957859056
                                                                       -0.77941908028868
    0.84976932517943       2    0.88734716146093    0.22860202411359
                                                   -0.50575315515017
    0.97200093928749       1    0.46662589482662
