Cd
    2    0   10    0
    0.54990983933345       1    3.58284869671568
       3
    0.49133627560534       3    9.57505460111268   -6.50696162723984    1.80458394707335
                                                   11.30557492900403   -4.65940547711078
                                                                        3.69700311456961
    0.59804546504344       2    4.16280784131309   -1.88408384341597
                                                    2.21196419144355
    0.37829982926779       2   -6.33694767121711    1.53571054931180
                                                   -1.74136700614272
