Pd
    2    6   10    0
    0.41552513714415       2   26.06579279079016   -4.80674355392819
       3
    0.31400782001712       2   -0.17753022888715    4.38486580756339
                                                   -5.58041556050701
    0.42217502977497       2   -0.04104601912787   -1.07795081096592
                                                    1.26598622151190
    0.44070029110241       2    1.63058011902717   -3.09368830012903
                                                    3.50133487490134
