In
    2    1    0    0
    0.61085974625341       1    5.16090763499768
       3
    0.68906674932590       3    0.56227344575555    0.99900458784900   -0.48094224228473
                                                   -2.06407127498577    1.24178295976131
                                                                       -0.96677874281434
    0.76062185256871       2    0.10602305128823    0.42328317869370
                                                   -0.50081957062126
    1.15497658689647       1    0.09441880321975
