Cu
    2    0    9    0
    0.52275565768515       0
       3
    0.42916518494362       3    9.66936864647139   -6.47017694122449    1.93596542208462
                                                   11.47917570340361   -4.99861803963894
                                                                        3.99393945412854
    0.56796961122315       2    2.54346073078556   -0.78493456907064
                                                    0.92809028781252
    0.26973104856959       1  -12.83243080856613
