Xe
    2    6   10    0
    0.49837849994175       1    4.79744028268291
       3
    0.45932700705199       3   10.81893252151126   -6.57000010691444    1.50999943759823
                                                   10.58097643297333   -3.88999917656853
                                                                        2.53816150626513
    0.48080444741377       2    4.59270768043859   -2.21999917344444
                                                    2.68074309456554
    0.40767813130125       2   -3.43421200384608   -0.83999990894703
                                                    0.38653698244315
