Xe
    4   12   10    0
    0.38765116138092       3   24.40965067324464   -4.77453644587629   -0.70118365570970
       3
    0.33311605691305       2    1.12596495343408    4.28490876457860
                                                   -6.41969490831409
    0.34747969960446       2   -0.15011198544947   -0.61441745407924
                                                    0.65252074652096
    0.44335897775149       2    1.74219012484752   -3.09368859059249
                                                    3.81363758966715
