Cd
    2    0   10    0
    0.55101836654532       1    3.58460029949951
       3
    0.49281014055979       3    9.57343651874498   -6.50695772810850    1.80458127269945
                                                   11.30805450874219   -4.65940457768971
                                                                        3.70644190458482
    0.61176932883889       2    4.16349221272622   -1.88443469736333
                                                    2.21203004845919
    0.38999504446243       2   -6.33799616001056    1.53571044882412
                                                   -1.74281315364654
