Ru
    3    6    7    0
    0.43015529877766       2   27.74004946791403   -5.14238609779020
       3
    0.31349704838745       2   -0.32915816013363    3.71549061409535
                                                   -4.81918220226848
    0.43875899044271       2    0.11107355654871   -1.27757272876064
                                                    1.51384004910347
    0.43814100005668       2    1.50927468968354   -2.94305552106121
                                                    3.33461654824662
