Sn
    2    2    0    0
    0.60501808164382       1    6.27367805265057
       3
    0.56635366011024       3    1.57233667482262    1.47002607667885   -1.17853275530703
                                                   -3.81461496094673    3.04302400740795
                                                                       -2.41553662279911
    0.64202141248077       2    0.52675422547264    0.40325063608647
                                                   -0.47729091265434
    0.78015462042854       1    0.76235596909603
