Tc
    3    6    6    0
    0.43429732790741       2   26.89484309486721   -4.63309980130988
       3
    0.32628408656808       2   -0.18380090394350    3.34056894771714
                                                   -4.32777434362587
    0.42722658929985       2   -0.24064025801935   -0.82214746246261
                                                    0.97478561669581
    0.43100056648079       2    1.21825651222913   -2.67400679518850
                                                    3.03135908345433
