Ga
    2    1    0    0
    0.57257741917819       0
       3
    0.56587130206218       3    2.25327152611408    1.03244703568014   -0.76062864563948
                                                   -2.57005556186570    1.96393648509171
                                                                       -1.55871006489740
    0.64911044628614       2    0.31183500736136    0.61341513212690
                                                   -0.72528848574594
    0.99143178879163       1    0.09370979261392
