Ta
    4    6    3    0
    0.55027657278865       2   13.38035965413466   -2.25039896701601
       3
    0.40094613481491       3   -4.44484786185763    4.17648757401039    1.87560622056796
                                                   -2.33116128460642   -4.84279804959171
                                                                        3.84364966417834
    0.35653341763458       2   -7.60711561589237    8.17895445633630
                                                   -9.67753732503080
    0.41824979312172       2   -1.11368795387230   -0.87533083880794
                                                    0.99252634597901
