Ag
    3    6   10    0
    0.40188154566708       3   24.11891073975568   -3.87997836534135   -0.11468265437249
       3
    0.30617453504121       2    0.67306673814558    4.27999806384487
                                                   -5.35734279997618
    0.42314491292955       2   -0.18965582357067   -0.61000056575527
                                                    0.78260748550874
    0.46213440518754       2    1.73954490667600   -3.09000089633964
                                                    3.58131371318398
