Hf
    4    6    2    0
    0.55679901154300       2   15.47408006679326   -2.54702140771789
       3
    0.29938168486456       3  -10.89972557696474   27.37263997920244  -14.96156566629152
                                                  -59.73248211809249   38.63060265988352
                                                                      -30.82309707685345
    0.35315034515746       2   -9.66309729678273    9.22329658688864
                                                  -10.91635342633276
    0.41623221555856       2   -2.74848621869665    0.48133908147615
                                                   -0.54607086483449
