Te
    2    4    0    0
    0.57343022542948       2    8.60957417444172   -0.02534912452473
       3
    0.57607318076947       3    1.38733300149565    0.97904211145183   -0.48652580145062
                                                   -2.05235824014139    1.25573766075236
                                                                       -0.99528687210704
    0.58947360841012       2    0.76373228558752    0.32398798007347
                                                   -0.39416067897667
    0.80400219284452       1    0.33288293060172
