Au
    3    6   10    0
    0.49202997984969       2    7.20888514660345    0.46187027281525
       3
    0.29541170944425       3   -5.80875028851203   26.10502158855605  -15.17621575083610
                                                  -58.39038197511051   39.18481751043485
                                                                      -31.15481831691438
    0.35682239827944       3   -5.85860281687752    4.73148955607684    2.92707085719881
                                                   -0.72353661833632   -6.92677198594148
                                                                        4.85261653464401
    0.35780849993145       2   -8.72454097779300    9.49191279428699
                                                  -10.76226194274064
