Rn
    4   12   10    0
    0.44161406873640       2    7.24823477367077    0.22724618686088
       3
    0.27194245874441       3   -5.83860866603572   26.10503894936442  -15.17622130434649
                                                  -58.40242101182506   39.18481762138212
                                                                      -31.52343299934067
    0.36637739559301       3   -5.80734453831938    4.73149316988407    2.92707098201645
                                                   -0.71653299983603   -6.92677758778279
                                                                        4.71886789252062
    0.37101461363853       2   -8.78293417577731    9.49191230610775
                                                  -10.93092292075056
