Zr
    4    6    2    0
    0.47299903510722       2    8.71020443140659   -1.90998608292904
       3
    0.25786517403821       2   21.23324577086722   -8.57194227120172
                                                   10.97789954691661
    0.28532246830617       2    8.29168757134529   -5.37735691303468
                                                    6.34306415660266
    0.58030859957742       2    0.02476165894783    0.27684175403457
                                                   -0.31984965843722
