Ga
    2    1    0    0
    0.56193621471906       0
       3
    0.56664782067932       3    2.24327404774109    1.03244726719470   -0.76062858677038
                                                   -2.58074081301156    1.96393660576806
                                                                       -1.55892848765136
    0.64723100560509       2    0.31242581148985    0.61341461218498
                                                   -0.72590137027430
    0.99152647252310       1    0.09376089070199
