Re
    4    6    5    0
    0.53017388789049       2   13.45917310252137   -2.22872926275259
       3
    0.39423999582801       3   -3.70147628816915    3.15477784575602    2.85593352060819
                                                    0.57236475557394   -7.37399483431220
                                                                        5.85292975738002
    0.34973460901417       2   -7.06224748964019    7.56676096282495
                                                   -8.95380156912976
    0.40185601535088       2   -0.90016084448918   -1.14916799481408
                                                    1.30302480471966
