Cu
    1    0    0    0
    0.23562805380134       1    0.01411533199543
       3
    0.63933826281208       3    2.28109786350318    0.07481197197778   -0.22860996935436
                                                   -0.22306726151697    0.62560670179491
                                                                       -1.10912294919862
    0.95362193548173       2   -0.03340354394082    0.11167633824370
                                                   -0.32379218167106
    1.31639478733305       1   -0.02633666685310
