Se
    2    4    0    0
    0.50606553701158       0
       3
    0.43318751091787       3    6.51819600423233   -0.22271474329837   -1.19612982797591
                                                   -1.66494192742858    3.08839120941800
                                                                       -2.45466760250143
    0.46994524292247       2    2.28081747912402    0.36533406488481
                                                   -0.44408076451351
    0.62302881809284       1    0.41899973994798
