Rn
    2    6    0    0
    0.56959378437815       1   16.17184530198749
       3
    0.63645261445487       3   -0.58161231964873    0.80312913897933    0.29738558656390
                                                   -0.55308541302676   -0.76784728697418
                                                                        0.60945561130858
    0.64840664624881       2    0.11356012260837    0.30517335343542
                                                   -0.36388704361521
    0.80351565159458       1    0.49271853516042
