Tc
    3    6    6    0
    0.43798517872108       2   27.31413441670715   -4.68120495127917
       3
    0.32901307091221       2   -0.41897176054931    3.34056709187867
                                                   -4.31832934525606
    0.42457595334127       2   -0.23899050928033   -0.82215024179480
                                                    0.93078703441879
    0.43205984351764       2    1.21889943677058   -2.67400899386094
                                                    3.02148379042143
