Sn
    2    2   10    0
    0.52089300828831       1    3.32088245351702
       3
    0.47737728441325       3   11.12549132850674   -6.56999507499653    1.49999896398521
                                                   10.88344540767366   -3.89000176664215
                                                                        2.94241489203916
    0.55611156147219       2    4.67601437560817   -2.21000119393876
                                                    2.59988614087203
    0.37472916365709       2   -3.98765783595798   -0.83999994619788
                                                    0.94993044389983
