Nb
    1    0    4    0
    0.72641665916458       2    4.15557935617954    0.00354431182290
       3
    0.69901023142804       2    1.92364987780589   -0.55864802483390
                                                    1.67171865516922
    0.88652074195604       2    0.37071416788516   -0.24861108936159
                                                    0.64043479173205
    0.51609328236041       2   -2.93089570653821    0.75587097521404
                                                   -1.63308746361223
