I 
    2    5    0    0
    0.55543330925480       1    8.10108608278956
       3
    0.53253892332475       3    2.32889344483658    1.00399570549775   -0.95921819617787
                                                   -2.85601292122438    2.47656397424323
                                                                       -1.96516348730525
    0.58798029270627       2    0.90428074031788    0.42507052236628
                                                   -0.51693169640356
    0.72528394924263       1    0.41560752695074
