Br
    2    5   10    0
    0.45492025149343       0
       3
    0.38680615775690       3   10.38693854014457   -4.92176738823530    0.87070365629107
                                                    7.66786304951851   -2.24814483309535
                                                                        1.29241125812045
    0.51099980696354       2    1.60353242934589    0.19586004264987
                                                   -0.38034728755126
    0.24062384786163       1  -16.44927141362806
