Zr
    2    0    2    0
    0.68347799729108       2   -0.68106621936969   -0.01800343049674
       3
    0.65102726188256       3    1.47811190652688   -0.94500198756311    0.29586345661618
                                                    2.38501600717247   -0.76601036602688
                                                                        1.21614898723142
    0.87002420850366       2    1.06397937592929   -0.15069868795480
                                                    0.47955215993441
    0.63162870797728       2   -1.17269091799976   -0.08924615182593
                                                    0.17371328557384
