Hf
    4    6    2    0
    0.56024986918279       2   15.58183675575812   -2.43725929706424
       3
    0.31668480966579       3  -10.61724905703433   27.37270654095755  -14.96161645136482
                                                  -59.66226373884808   38.63063327958110
                                                                      -30.65264219248499
    0.36225945350842       2   -9.64231764786050    9.22329592547209
                                                  -10.91772022983422
    0.41558095611635       2   -2.74995447868884    0.48132614154593
                                                   -0.54586947951828
