Pb
    4    8   10    0
    0.47370836201366       2    7.16640918908425    0.46181664685665
       3
    0.28877122219702       3   -5.75108631214625   26.10502093349758  -15.17621181088274
                                                  -58.38174290137751   39.18480497129821
                                                                      -31.34567647457195
    0.37250918998792       3   -5.90386171648493    4.73149194043873    2.92706767970251
                                                   -0.70009587197116   -6.92677070934409
                                                                        4.88411942171128
    0.34756680089164       2   -8.72515658195860    9.49191024226815
                                                  -10.79448428249909
