I 
    4   11   10    0
    0.37845368345820       2   24.23435201937627   -5.21553029047568
       3
    0.33449977940167       2    0.97168668869346    4.20000052324108
                                                   -6.42616605027127
    0.35329413915822       2   -0.37562658970854   -0.59999976354889
                                                    0.53466562400458
    0.44125124523195       2    1.66425675850262   -2.99999907810360
                                                    3.24868453986354
