Zr
    2    0    2    0
    0.67195264503313       2   -0.66196615075389    0.07967517679525
       3
    0.66519265915690       3    1.35879681094882   -0.94499414517334    0.29585569638253
                                                    2.39647525239810   -0.76600380493834
                                                                        1.21716684721277
    0.87818694944985       2    1.02423406678246   -0.15074262205156
                                                    0.48917244195275
    0.62829314423571       2   -1.17263353466033   -0.08924352015861
                                                    0.21216837108555
