Tl
    4    7   10    0
    0.48228715432011       2    7.16535619511412    0.45794938017063
       3
    0.29070341183403       3   -5.74842546176601   26.10502658453589  -15.17621990757262
                                                  -58.38126277853097   39.18481546056766
                                                                      -31.30618060989302
    0.37208527856211       3   -5.90313084339780    4.73149478347705    2.92706635086560
                                                   -0.68981818175140   -6.92676987610893
                                                                        4.86977645292901
    0.34775200888636       2   -8.73118388020457    9.49191072152406
                                                  -10.79745918677548
