Se
    2    4    0    0
    0.50369908060168       2   -0.11852125337063   -0.00166851077916
       3
    0.43262099367725       3    6.53133017741270   -0.22263081920107   -1.19620680674915
                                                   -1.65689335576222    3.08844703144742
                                                                       -2.44972999855243
    0.47031718873620       2    2.27132731254917    0.36533912972425
                                                   -0.43388652486505
    0.63224388327115       1    0.37508086480377
