As
    2    3   10    0
    0.48429796900236       0
       3
    0.39939973320480       3   10.92324171323873   -4.92176476056729    0.87070091367029
                                                    7.96461090668690   -2.24814023765541
                                                                        1.54842982506230
    0.55054646698916       2    1.75100848294549    0.19586030693003
                                                   -0.25495741541599
    0.24301200256505       1  -16.62209676791734
