Sb
    2    3   10    0
    0.52524917670744       1    3.36728070749246
       3
    0.46532747968398       3   11.16213085428527   -6.57348757657694    1.50685543265392
                                                   10.90348507777526   -3.89070702248757
                                                                        2.88854701622359
    0.53930939945070       2    4.69806826189485   -2.21706394239179
                                                    2.58044130452292
    0.38274805971713       2   -3.96728585644034   -0.84012835405824
                                                    0.95191834698263
