Co
    2    0    7    0
    0.56613364112513       1    0.00526002500485
       3
    0.43627314431399       3    4.51826503370871   -1.11917929060603    0.75295498031739
                                                    2.94958690667723   -1.94675799386099
                                                                        3.09335742083268
    0.60420316556993       2    1.86577984448406   -0.05552130708685
                                                    0.31319655389236
    0.29789657807252       1  -10.17441095336801
