Kr
    2    6   10    0
    0.44647303239745       1    0.10450805837808
       3
    0.37705926671602       3   10.28034835758854   -4.92178305127735    0.87071775862096
                                                    7.68688947263552   -2.24815443393574
                                                                        1.39855533116365
    0.46276624620966       2    1.94938038390511    0.19585950337805
                                                   -0.27610912808848
    0.24142190358765       1  -16.79702726864556
