In
    2    1   10    0
    0.52993353379682       1    3.32488316675924
       3
    0.47949941383175       3   11.16244456116722   -6.57350914730849    1.50686341338261
                                                   10.93796209567010   -3.89070361194889
                                                                        3.08815429023568
    0.56993736615956       2    4.70112918805602   -2.21706204854232
                                                    2.62400968732864
    0.37706849244122       2   -4.00228592642996   -0.84012853603398
                                                    0.95260966599040
