Te
    2    4   10    0
    0.50002760864247       1    3.77088955967699
       3
    0.47037849645565       3   11.00838142929151   -6.57351685804866    1.50687055464522
                                                   10.69363612733004   -3.89070860864174
                                                                        2.67189462259441
    0.51929266661508       2    4.57799170460327   -2.21706675404359
                                                    2.59620198139812
    0.38239304915294       2   -3.78459972596923   -0.84012761454724
                                                    0.81048712649009
