Bi
    4    9   10    0
    0.46410586446270       2    7.16397040233069    0.45311262721551
       3
    0.28687519025442       3   -5.74876593430303   26.10501675618612  -15.17620866097014
                                                  -58.39055545075936   39.18480578253477
                                                                      -31.36054775254877
    0.37824034734210       3   -5.89693085061748    4.73149195995514    2.92707002105831
                                                   -0.69614846402099   -6.92677426137030
                                                                        4.88328677931254
    0.34948065369247       2   -8.72254786204932    9.49191211399442
                                                  -10.78119092988928
