Zn
    2    0   10    0
    0.50914694971739       0
       3
    0.40066408144159       3   11.47893126747453   -8.79187781919433    3.14507195899404
                                                   16.45372719670478   -8.12057197053989
                                                                        6.44689859214355
    0.54301736767956       2    2.59796265980226   -0.59409180055963
                                                    0.70325287492010
    0.25073267851635       1  -14.48480026680654
