Ga
    2    1   10    0
    0.48748000165387       0
       3
    0.41709779009841       3   10.46073570511626   -4.92177219521996    0.87070736240776
                                                    7.77069232324622   -2.24815175507539
                                                                        1.80474719509459
    0.57017678242224       2    1.77931291026900    0.19586003491142
                                                   -0.23146392862878
    0.23810864379511       1  -16.26294626960137
