Br
    2    5   10    0
    0.45831121506855       0
       3
    0.38687615846915       3   10.40438703920607   -4.92175639113250    0.87069430270875
                                                    7.67646162494282   -2.24813858819491
                                                                        1.30263347018729
    0.51226560531163       2    1.60505213511128    0.19586043882222
                                                   -0.37948627014537
    0.24220470312393       1  -16.46367024281235
