Po
    2    4    0    0
    0.59240622293098       2    8.11691829390836   -0.04717502943496
       3
    0.80478592629965       3    0.32329494232099    0.10537816731560    0.52811346352154
                                                    0.72212172609490   -1.36353937176717
                                                                        1.07445759798002
    0.80735545234752       2    0.12465455932225    0.37530596657476
                                                   -0.44510377794526
    0.87752572032653       1    0.45526103781711
