Cs
    1    0    0    0
    1.60180737638063       0
       3
    0.88589211892268       3    0.97367765113559   -0.06478512102303   -0.18759523125913
                                                   -0.03417082993232    0.57685708684992
                                                                       -0.29822152524403
    1.31281974137530       2    0.08128387252363    0.73219285694553
                                                    0.55942826949156
    1.03807231368874       1   -0.65664783488352
