Zn
    2    0   10    0
    0.50524751988514       0
       3
    0.40002868350795       3   11.47272842254176   -8.79189542522744    3.14508418743452
                                                   16.41675697783731   -8.12057641253488
                                                                        6.44136136973866
    0.54938944184048       2    2.59761280136011   -0.59422120390064
                                                    0.70369090087749
    0.25668853598270       1  -14.48432693376494
