Xe
    2    6   10    0
    0.49973600180402       1    4.78634337230539
       3
    0.47735495974980       3   10.89349987312467   -6.57350879709350    1.50686521728425
                                                   10.60984876508879   -3.89070700885100
                                                                        2.61732638117638
    0.51423971436435       2    4.61407022629615   -2.21706560482488
                                                    2.77545646467327
    0.40696643516722       2   -3.60729125502362   -0.84012788029301
                                                    0.40872699443275
