Te
    2    4   10    0
    0.50737257758287       1    3.43064321668279
       3
    0.47102762613676       3   11.00239850400785   -6.57351650288477    1.50687153047371
                                                   10.70104108579399   -3.89071036524696
                                                                        2.68138253960677
    0.52214004498292       2    4.57917397958350   -2.21706519673302
                                                    2.59675463023285
    0.38601846646834       2   -3.81661299603147   -0.84012788662090
                                                    0.82063693998772
