Te
    2    4    0    0
    0.57499960827078       1    8.72368706012866
       3
    0.57492341611401       3    1.40181563132861    0.97877816269170   -0.48630683205186
                                                   -2.05456930974358    1.25563630639667
                                                                       -0.99662898245875
    0.58988946210054       2    0.76479340065912    0.32398561529281
                                                   -0.38334828055411
    0.81339084269600       1    0.34486817810557
