Ag
    1    0   10    0
    0.56854349603694       1   -0.10223015282870
       3
    0.52781878136718       3    9.38506947712446   -5.27425135196247    0.99705633890137
                                                    8.39618345371659   -2.57437394378872
                                                                        2.03078520269604
    0.63631536653624       2    3.90638174431613   -1.68570251909317
                                                    2.06109397656789
    0.42189883170973       2   -2.73426077561731   -0.43354827182165
                                                    0.37940464657484
