Rb
    1    0    0    0
    0.63689306849364       2    3.23080049113030   -0.68242189155741
       3
    0.88854216274913       3    0.91707984802043   -0.34894564989212    0.03117962507730
                                                    0.85987125436084   -0.06145663690533
                                                                        0.00652913983715
    1.06996123548427       2    0.50721119108275    0.27503401647877
                                                    0.08738150428601
    0.73522704475095       1   -1.40598944811752
