Br
    2    5   10    0
    0.45492024490587       0
       3
    0.38680601253453       3   10.38693883729478   -4.92176693051071    0.87070347131614
                                                    7.66786300015356   -2.24814521972690
                                                                        1.29241083161887
    0.51099954205722       2    1.60353354139896    0.19586006050924
                                                   -0.38034940677059
    0.24062407229049       1  -16.44919002063681
