Tc
    1    0    6    0
    0.67767838033882       2   13.41493764763925    0.10136874574157
       3
    0.71163796811088       2    0.58100124029947   -0.16897091731743
                                                    0.36228460954424
    0.75997243699003       2    0.15716690724336   -0.24580721753663
                                                    0.67243322550503
    0.52318031736634       2   -6.10525571638944   -0.32714064235049
                                                    0.74317124017656
