In
    4    7   10    0
    0.39760791967550       3   24.24732218372502   -4.27702968380851   -0.06874267989417
       3
    0.32146433774386       2    0.70787537951102    4.28490911964672
                                                   -5.77533856877572
    0.40877072346468       2   -0.13957886600851   -0.61441703174717
                                                    0.66095096661847
    0.45470352374048       2    1.75108741109583   -3.09368910487340
                                                    3.55989159118598
