Mo
    3    6    5    0
    0.43998112178333       2   28.58726572151317   -5.00838604102825
       3
    0.31925017627696       2    0.12216684601522    2.76199831482221
                                                   -3.41518539052379
    0.30040768764081       2   -0.43458456133833   -0.72800011548080
                                                    0.45747455596641
    0.41280946742085       2    1.21751534774699   -2.68600128285508
                                                    3.09973979656510
