Sn
    2    2    0    0
    0.60153600146779       1    6.20372563757474
       3
    0.56886847054914       3    1.56373001450376    1.46995686858375   -1.17852939343577
                                                   -3.81338628606145    3.04307983253371
                                                                       -2.39174752009927
    0.63828659101620       2    0.51937490619411    0.40321260746671
                                                   -0.48124883054677
    0.98355376666880       1    0.16135387033651
