I 
    2    5    0    0
    0.56000025678691       1    8.21775094026508
       3
    0.53192887671737       3    2.30815100943733    1.00390943945418   -0.95915634381460
                                                   -2.85562978479759    2.47652990794884
                                                                       -1.96583009396094
    0.58918228402629       2    0.90648148475635    0.42507077708561
                                                   -0.50295137419776
    0.73972340009943       1    0.47919828636837
