Po
    4   10   10    0
    0.45702284950642       2    7.29639690716371    0.20488288288626
       3
    0.28916912455545       3   -5.83133842854421   26.10502145856853  -15.17621115472514
                                                  -58.39154478757167   39.18480638023464
                                                                      -31.49387112857289
    0.38491907759646       3   -5.80895414735568    4.73149158965250    2.92707142902199
                                                   -0.70128470759751   -6.92677410901133
                                                                        4.77381307391360
    0.34052759868973       2   -8.79712408253113    9.49191240797986
                                                  -10.84746108009052
