Tl
    2    1    0    0
    0.62647368996369       1   -1.20660372230836
       3
    0.75425159594019       3    1.88170940571513    0.11761501260729   -0.19062689387261
                                                   -0.28332510159270    0.49219565147667
                                                                       -0.75278623903067
    0.90689699948709       2    0.75993496288795    0.24793529655134
                                                   -0.54081826599429
    1.06353147551937       1    0.29464540403369
