Y 
    4    6    1    0
    0.47533606577007       2   12.16558773181167   -2.09531786175914
       3
    0.24380052079155       2   22.95410946838681   -8.32499739846705
                                                   10.39749179658235
    0.28994191610718       2    5.87692563930404   -5.85199971794741
                                                    6.80180359609492
    0.41180333163802       2    1.17799554307959   -1.31800974910885
                                                    1.48174979895685
