Zn
    2    0    0    0
    0.17304035708921       1    0.01318557174742
       3
    0.63422581522367       3    2.03983919041763    0.07481380617567   -0.22861102537050
                                                   -0.16702012551945    0.62560657542960
                                                                       -0.84650998599138
    0.98816127546124       2   -0.06955354969098    0.27417142035965
                                                   -0.31240199295359
    1.32590944957508       1    0.02565321964939
