Pt
    3    6    9    0
    0.50092303247343       2    8.85944706837573   -0.29492818895442
       3
    0.29746614243901       3   -6.06646604759664   24.21290662276708  -13.78968964849677
                                                  -53.68794283456677   35.60480568730328
                                                                      -28.26006247836641
    0.36328263304982       3   -6.66068289873994    7.17064822402719    0.76691538110622
                                                   -7.20686245025702   -1.81483054442048
                                                                        1.29016477707690
    0.34080924952898       2   -8.58536798970345    9.41012687642877
                                                  -10.68084162575587
