Cu
    1    0    0    0
    0.28485090542008       0
       3
    0.63531327881367       3    2.28375468923105    0.07487471304439   -0.22865813166883
                                                   -0.32072825966471    0.62563399412009
                                                                       -1.10906726720317
    0.91843601197723       2   -0.03339843367173    0.20062767366812
                                                   -0.38029790710277
    1.24671733484621       1   -0.10304407843270
