Pb
    4    8   10    0
    0.47285845211964       2    7.15830660703358    0.42436381820009
       3
    0.29131816571362       3   -5.73794339114043   26.10503400865600  -15.17622180445400
                                                  -58.38328727855159   39.18480269848157
                                                                      -31.34732936964193
    0.37512236471234       3   -5.88744157686010    4.73149770428274    2.92706313096337
                                                   -0.69913575647364   -6.92676928155755
                                                                        4.88462350097962
    0.34500329293877       2   -8.73964857385799    9.49190914301073
                                                  -10.81280170468736
