As
    2    3    0    0
    0.51089886248717       0
       3
    0.45555116118502       3    5.52578109463137    0.03513040050903   -1.06108142436795
                                                   -1.77505334300608    2.73971001809248
                                                                       -2.17414658218052
    0.55378018132375       2    1.01431734761982    0.62921194767122
                                                   -0.74563909163249
    0.70368739296563       1    0.27778844048752
