Zn
    2    0   10    0
    0.50716160353522       0
       3
    0.40019421162464       3   11.47847069985560   -8.79189113915431    3.14508153595280
                                                   16.43993162715941   -8.12057588285455
                                                                        6.44484900849672
    0.54527712114061       2    2.59745775510352   -0.59446747084678
                                                    0.70366114506810
    0.25225257649220       1  -14.48427919444548
