Se
    2    4   10    0
    0.47263270315531       0
       3
    0.38061232865186       3   10.53455488211461   -4.92178388189069    0.87071701496649
                                                    7.65994347077085   -2.24815055416917
                                                                        1.88165876204315
    0.53633078242852       2    1.73878977478037    0.19585963088386
                                                   -0.27740984233038
    0.24312398231212       1  -16.67452089346180
