Br
    2    5   10    0
    0.45361266000416       0
       3
    0.38817140256180       3   10.38962800011726   -4.92176807471034    0.87070528224295
                                                    7.67804609098424   -2.24814622092765
                                                                        1.33425994719930
    0.51695142124950       2    1.60538375203343    0.19586033997182
                                                   -0.35403185090577
    0.24143090266630       1  -16.43982817881897
