Nb
    3    6    4    0
    0.46197470691060       2   26.32475015405279   -4.52693950870152
       3
    0.32490337145308       2   -1.16145273250923    3.27790688692824
                                                   -4.28908108548245
    0.40426034415382       2   -0.66895228864165   -0.90782858536853
                                                    1.07510275555418
    0.42508961183960       2    1.49409729605919   -3.43004221876853
                                                    3.88750532060576
