At
    4   11   10    0
    0.44628607217018       2    7.28381677257663    0.23054502576920
       3
    0.27885912219428       3   -5.88154595183123   26.10502820210140  -15.17621756920536
                                                  -58.39108854365154   39.18481106857567
                                                                      -31.49516412849314
    0.36895218892197       3   -5.88798166402627    4.73149193196076    2.92707126183301
                                                   -0.69886547788470   -6.92677690607329
                                                                        4.80037466496986
    0.35582491410128       2   -8.77335019113566    9.49191220231676
                                                  -10.87678952415820
