Cu
    2    0    9    0
    0.52937086100808       0
       3
    0.43193631605802       3    9.74701138784658   -6.47017908504449    1.93596804967349
                                                   11.49969531363611   -4.99861765385005
                                                                        3.99237947303980
    0.56314965729272       2    2.53821450361747   -0.78453824918670
                                                    0.92870411947314
    0.26450678544392       1  -12.83411593688681
