At
    2    5    0    0
    0.57854570100851       1   14.03823047722140
       3
    0.67537379951655       3   -0.38752902723062    0.66111842890757    0.27883962554547
                                                   -0.39764791806750   -0.71995437852988
                                                                        0.57343910899059
    0.64086765999482       2    0.25345712474904    0.32623089975271
                                                   -0.39584535773553
    0.86810792372362       1    0.37743887453860
