Cd
    4    6   10    0
    0.40024009651130       2   24.03282583661222   -4.24987968978548
       3
    0.32242033615840       2    0.72610715938328    4.28490991011718
                                                   -5.78849928047047
    0.40807178353731       2   -0.18666384293805   -0.61441709321964
                                                    0.65100613297550
    0.45553177116722       2    1.75194956689811   -3.09368802152900
                                                    3.50186414313640
