As
    2    3    0    0
    0.51597847013999       0
       3
    0.45731809009408       3    5.52345318129970    0.03512303385327   -1.06108245354133
                                                   -1.77119416204203    2.73970216892776
                                                                       -2.17558261400221
    0.55458129859855       2    1.01286944776306    0.62920796510274
                                                   -0.74531656881905
    0.70365812123858       1    0.30693103666659
