Hf
    4    6    2    0
    0.56104584991073       2   15.52441895911770   -2.44359764404271
       3
    0.31610959385821       3  -10.88833254410283   27.37264686740678  -14.96157008223626
                                                  -59.66723268080275   38.63060632647993
                                                                      -30.65365852239080
    0.36211303239813       2   -9.66062285551301    9.22329770081851
                                                  -10.92450949781973
    0.41581967799850       2   -2.74881235933205    0.48133466221167
                                                   -0.54577663673036
