Tc
    1    0    6    0
    0.67754700419494       2   13.40029528920624    0.00053298981652
       3
    0.70793026052058       2    0.64394052629195   -0.16897059017612
                                                    0.36100356188127
    0.76967894480353       2    0.14750502796165   -0.24570904265524
                                                    0.67485366611329
    0.52027086986784       2   -6.10410158481007   -0.32714060905811
                                                    0.74315406731166
