Nb
    3    6    4    0
    0.44333731552597       2   28.58865872599126   -4.75803530528986
       3
    0.30953137729605       2    0.16792409492193    2.76200023560779
                                                   -3.42469400023331
    0.30331989399206       2   -0.39138871264788   -0.72799968757465
                                                    0.45916360423343
    0.42007468383512       2    1.21682239513666   -2.68600022837301
                                                    3.09876751617794
