At
    2    5   10    0
    0.49715083789927       3   13.04653800010554    0.40054019413768   -0.09944752770213
       3
    0.46524736823186       2    9.28897731103590   -3.94511904185517
                                                    5.11923079890579
    0.52721636708579       2    5.78566940598575   -3.17707664105262
                                                    3.75555864383432
    0.38811403720038       2   -6.16917597337991    0.92523269697729
                                                   -1.05615018626422
