Tc
    3    6    6    0
    0.43013333722148       2   28.39831402481340   -5.05886405129330
       3
    0.31901101850810       2    0.17366740389976    2.76200562854615
                                                   -3.46439680740373
    0.30796909616419       2   -0.33863211013183   -0.72874437263047
                                                    0.46131281971768
    0.42013387396988       2    1.21719299249377   -2.68646433342630
                                                    3.10272482735889
