Ag
    3    6   10    0
    0.40026824918942       2   24.29030282384966   -4.17932463302321
       3
    0.31507382720843       2    0.70810144174936    4.28399986028762
                                                   -5.51911210747226
    0.41910568850098       2   -0.19157452868572   -0.61399998559184
                                                    0.72630504441235
    0.45747237629292       2    1.75111610161552   -3.09300010934817
                                                    3.50709490491721
