Pt
    3    6    9    0
    0.50039858662197       2    8.67957287434169   -0.29113947694976
       3
    0.29809308506356       3   -6.01454900051217   24.21291522235697  -13.78969416099537
                                                  -53.68675683058370   35.60480776723914
                                                                      -28.25959319868022
    0.36040046930173       3   -6.69371000083147    7.17066277379569    0.76690082591818
                                                   -7.20819445027887   -1.81482215859742
                                                                        1.28963482154866
    0.34052882103722       2   -8.68989240025152    9.41012046498719
                                                  -10.66902256582315
