Sn
    4    8   10    0
    0.39149723398915       3   24.08309675776378   -4.55330180950720   -0.08561602975625
       3
    0.31964947423292       2    0.70666194302869    4.28491004849059
                                                   -5.74532867948864
    0.38542059707297       2   -0.13621592074297   -0.61441715308060
                                                    0.66342208232371
    0.45367156713481       2    1.75377326538359   -3.09368801902467
                                                    3.58774275085343
