In
    4    7   10    0
    0.39611533022337       3   24.12796883265261   -4.27291297260269   -0.06853418800230
       3
    0.31944105921496       2    0.69217666487453    4.28491142817472
                                                   -5.73637633377222
    0.39711631121446       2   -0.16394684508220   -0.61441766409260
                                                    0.65671125120654
    0.45467628478015       2    1.75098156808620   -3.09368852707026
                                                    3.55956714915479
