Bi
    4    9   10    0
    0.46518529939811       2    7.16291319644411    0.45503930789423
       3
    0.28535784751861       3   -5.76249255543382   26.10501761356083  -15.17620866096991
                                                  -58.39055545037753   39.18480694235685
                                                                      -31.36054775254877
    0.37292023073189       3   -5.89674097890689    4.73149195995497    2.92707002106531
                                                   -0.69614846402099   -6.92677426136704
                                                                        4.88265867647788
    0.35098331440250       2   -8.70169646125427    9.49191211399932
                                                  -10.77882706019789
