Tl
    4    7   10    0
    0.48151824574524       2    7.16456399975441    0.45909767307484
       3
    0.29318470747486       3   -5.75400155639007   26.10502695180465  -15.17622564517086
                                                  -58.38135446735005   39.18483331110818
                                                                      -31.30613714366634
    0.37503465817239       3   -5.90348056191757    4.73145484678238    2.92710550557068
                                                   -0.68145643016514   -6.92679866261718
                                                                        4.86963082960580
    0.34885037355479       2   -8.73326847408953    9.49191114520019
                                                  -10.79566416352294
