Mo
    3    6    5    0
    0.43269124607222       2   28.60142253087497   -4.72827637244981
       3
    0.31953693634010       2    0.15423252170296    2.76200531525828
                                                   -3.51903678061458
    0.41717169738306       2   -0.19100103205484   -0.72874389681268
                                                    0.86195275686485
    0.42055432980468       2    1.21684009942749   -2.68646280475183
                                                    3.04611542415121
