Ba
    2    0    0    0
    1.11838007017025       1    0.00001746003551
       3
    1.10898674688305       3    1.66325532469758   -0.44754787310644   -0.13878356155945
                                                    0.44750231428767    0.18681590548931
                                                                       -0.18184001727304
    1.26647029926087       2    0.82001196794440   -0.37173282815640
                                                    0.39891644414787
    0.86063234330597       1   -0.83424045283420
