Kr
    2    6    0    0
    0.49906867642018       0
       3
    0.42159717430818       3    6.46539294890223    0.53866348889254   -1.50260314576391
                                                   -3.13839046665929    3.87969977715904
                                                                       -3.07929145009533
    0.43229592525892       2    2.60158459688272    0.70510969123849
                                                   -0.83428007914619
    0.52334731374771       1    0.63556731309540
