Tc
    1    0    6    0
    0.67756482171879       2   13.40090675489035    0.10065547897253
       3
    0.70813904970649       2    0.56640589338212   -0.16897088514484
                                                    0.36192875907713
    0.75990690531598       2    0.14748908682520   -0.24580728444020
                                                    0.66691696069850
    0.52027157688995       2   -6.10523157398345   -0.32714048928303
                                                    0.74316009397008
