W 
    4    6    4    0
    0.54454919743470       2   13.41950505265795   -2.36862027570439
       3
    0.38336039617604       3   -4.14237164221241    3.83542854734846    2.23317786051954
                                                   -1.38101174514330   -5.76604827360107
                                                                        4.57661007396684
    0.34626006388794       2   -7.46972578382981    8.11232716386136
                                                   -9.59646494141611
    0.41236265193980       2   -0.95464284783816   -1.06745401648634
                                                    1.21037681320121
