Sn
    2    2    0    0
    0.60124554614547       1    6.24988457045899
       3
    0.56700689417386       3    1.56153098081338    1.47004469317544   -1.17857899101670
                                                   -3.81475066817602    3.04307345097389
                                                                       -2.40956453313151
    0.63959943189265       2    0.50205889584086    0.40325689171068
                                                   -0.48966768356223
    0.99094155247032       1    0.08470346835895
