Re
    4    6    5    0
    0.53000398995878       2   13.33333402599388   -2.20377565936454
       3
    0.39600499965903       3   -3.60799914699293    3.15478023377292    2.85593548839884
                                                    0.58023247099918   -7.37399539329489
                                                                        5.85248946919335
    0.35421997585463       2   -6.94206563559141    7.56676002040100
                                                   -8.95410567810717
    0.40455368518589       2   -0.89865142578379   -1.14916535987043
                                                    1.30281560772121
