Ir
    4    6    7    0
    0.50988146252237       2   13.34884185543559   -2.31888032076855
       3
    0.38861347952724       3   -2.45167561391414    1.05519374596523    4.67505276128191
                                                    6.24163693235254  -12.07094202815554
                                                                        9.57928669808643
    0.34537088840506       2   -6.59291536166301    7.35318123008764
                                                   -8.59817439786289
    0.37865487271445       2   -0.85566147657871   -1.17534747268734
                                                    1.33423941377202
