Tl
    4    7   10    0
    0.48577474664715       2    7.16195935175582    0.46045239517458
       3
    0.28680617296362       3   -5.74923356440729   26.10502944981589  -15.17622248524929
                                                  -58.38202448663104   39.18480947038177
                                                                      -31.30682912627588
    0.36999377852693       3   -5.92654492738632    4.73149465906741    2.92706617638444
                                                   -0.69148060165915   -6.92676920045836
                                                                        4.86973765206206
    0.35116909240335       2   -8.71785708728703    9.49190847858756
                                                  -10.79169298556124
