Po
    2    4   10    0
    0.49643263804237       3   12.96214898743087    0.32905385927588   -0.09731553214765
       3
    0.47890591841259       2    9.30854311727499   -3.94512029532912
                                                    5.12246039972576
    0.54149806373376       2    5.76019608048410   -3.17707758241093
                                                    3.73500381450121
    0.38432315211426       2   -6.12255815687768    0.92523270804374
                                                   -1.05895315729582
