Pd
    2    6   10    0
    0.41483156974856       2   26.07643102665077   -4.80812209721901
       3
    0.31392211658741       2   -0.16108893753446    4.38486574241950
                                                   -5.58314492872822
    0.42106112738585       2   -0.04114491061354   -1.07795080817847
                                                    1.26632830770458
    0.44079443289907       2    1.63035583943482   -3.09368865287303
                                                    3.50157737105594
