As
    2    3   10    0
    0.49107733382017       0
       3
    0.39542818933985       3   10.89703458768542   -4.92176410629220    0.87070150076268
                                                    7.95825691139604   -2.24814399883322
                                                                        1.51899357250338
    0.54540475644989       2    1.74125147488018    0.19585928487244
                                                   -0.33290321133294
    0.24038961758601       1  -16.56946787887480
