Zn
    2    0    0    0
    0.17011465674756       1    0.00778136225503
       3
    0.63415642820163       3    2.04370760245653    0.07481379690255   -0.22861161393826
                                                   -0.16704173028049    0.62560787207947
                                                                       -0.90953158853418
    0.98794988984387       2   -0.07246669022903    0.27369419961571
                                                   -0.32321552964793
    1.32590616610546       1    0.02565426925383
