At
    4   11   10    0
    0.45164832995776       2    7.30740256714743    0.18195600833814
       3
    0.28775519792397       3   -5.87686577253569   26.10502922571434  -15.17621970218895
                                                  -58.39189482663632   39.18480956601559
                                                                      -31.74617242776971
    0.37824219132877       3   -5.79570860259257    4.73149367593353    2.92707050774058
                                                   -0.69378500003145   -6.92677760370347
                                                                        4.61997311779062
    0.34317466036944       2   -8.78319036490821    9.49191108276160
                                                  -10.99260702266986
