Mo
    3    6    5    0
    0.43345901454396       2   28.59259011257328   -4.69175118983028
       3
    0.32191463866015       2    0.15406927732725    2.76200502490737
                                                   -3.51903665238583
    0.41805340279338       2   -0.20048438503456   -0.72874358512329
                                                    0.86197107266580
    0.42055476014509       2    1.21685442265414   -2.68646210106647
                                                    3.03453697205406
