Ga
    2    1   10    0
    0.49000018487159       0
       3
    0.41677483095310       3   10.48679119269639   -4.92176814704009    0.87070493953275
                                                    7.77018207637078   -2.24815160599927
                                                                        1.78441528219626
    0.56962661099353       2    1.77860037827899    0.19586036552562
                                                   -0.23168154587648
    0.23814730101676       1  -16.24818353736915
