Rn
    2    6   10    0
    0.50322128224708       3   13.12919536780443    0.17808032059250   -0.16994331708627
       3
    0.46679019385034       2    9.39536355533251   -3.94512093960064
                                                    5.00251871755564
    0.52929002974366       2    5.76636688943086   -3.17707738827436
                                                    3.69110364545208
    0.39189113777838       2   -6.03902350428643    0.92523279490258
                                                   -1.05651716824735
