Ag
    1    0    0    0
    0.50884772933645       1   -0.53126023886345
       3
    0.86917506999526       3    0.74801841513039    0.12558074366849   -0.06394674435109
                                                   -0.47181808189646    0.24639425835488
                                                                       -0.34942658938819
    0.93516610403460       2    0.51381632168808    0.01594187876012
                                                   -0.35372585465702
    1.16632800319316       1   -0.06895972410336
