La
    2    0    1    0
    0.18290131806401       3    4.27269189776208    3.10288375975294   37.45244237356757
       3
    0.76603440612806       3    1.43144852432712   -0.58196292045383   -0.06609029820561
                       1.44191600773544    0.15854967724069
                       0.53035893634079
    0.97057199850118       2    0.86875265035265   -0.13385940004829
                       0.79005827653228
    0.71121688390686       2   -1.13703427218458    0.08362808316819
                       0.02996011707429
