Au
    3    6   10    0
    0.48769219491242       2    8.00012639264577    0.39527488908544
       3
    0.28787484489410       3   -6.04321398399328   26.10502376892614  -15.17622051290466
                                                  -58.40432210251190   39.18482985619110
                                                                      -31.08719941661209
    0.36575913812598       3   -5.85903434689022    4.73144490083833    2.92710627135590
                                                   -0.72517774891052   -6.92679630468182
                                                                        4.89973164744140
    0.34835474713762       2   -8.80463206368907    9.49191508268646
                                                  -10.78075281613139
