Ni
    2    0    8    0
    0.55633216876655       1    0.06232913425938
       3
    0.42685316253224       3    4.14471021868452   -1.19903906718923    0.73987663558517
                                                    3.17569630831362   -1.90683967937199
                                                                        3.08769632231583
    0.58416894936391       2    1.84170335245118   -0.12821911933415
                                                    0.39118622536806
    0.27958648826656       1  -11.39410143523798
