Ag
    3    6   10    0
    0.40026649458978       2   24.23153547855912   -4.18650811386543
       3
    0.31702256563741       2    0.70379790058546    4.28490981814277
                                                   -5.54117049512924
    0.41552968968638       2   -0.18805198114649   -0.61441767724356
                                                    0.72715865528816
    0.45633258268919       2    1.75144751163268   -3.09368772320488
                                                    3.50795989039936
