Cd
    4    6   10    0
    0.40152315212404       2   23.91954794853782   -4.07635486421027
       3
    0.32741008305129       2    0.51286208253811    4.28489972383467
                                                   -5.75848114656504
    0.41283698144115       2   -0.22407834725735   -0.61439998049706
                                                    0.66185999082531
    0.46031526971741       2    1.75381802076515   -3.09369991894456
                                                    3.51177010999664
