Ru
    3    6    7    0
    0.42103333336705       2   27.23483200537838   -4.85942789157841
       3
    0.32865938569778       2    0.12819556882447    2.76202132138830
                                                   -3.44464195182965
    0.29960341864535       2   -0.45316504169311   -0.72874782437081
                                                    0.46241955372807
    0.42598119069196       2    1.22686384321695   -2.68645524428405
                                                    3.10527724821787
