Pb
    2    2   10    0
    0.53525350858771       2   12.35562887327032    0.09052031202973
       3
    0.49879415157854       2    8.43338792728516   -3.44003590805104
                                                    4.37929203875655
    0.58617054544881       2    4.99860432240635   -2.89630980961939
                                                    3.45559444050257
    0.41624573262224       2   -7.03083790030904    1.83782710850340
                                                   -2.09836396223929
