Sn
    2    2   10    0
    0.52716667911643       1    3.16348865558661
       3
    0.48084481755084       3   11.06620057625355   -6.57351131373531    1.50686640834421
                                                   10.72353536937800   -3.89070885698263
                                                                        3.07318907675174
    0.57405645791296       2    4.69251917054079   -2.21706637285176
                                                    2.63004532479185
    0.39055165805222       2   -3.98705220060493   -0.84012813565164
                                                    0.94202462219839
