Cd
    2    0   10    0
    0.55000014916168       1    3.63437384912810
       3
    0.49128675036894       3   10.16654350470183   -6.50695434902271    1.80457628739379
                                                   11.33578922824891   -4.65939709281301
                                                                        3.69827946048494
    0.59971049963034       2    4.01376053784337   -1.88394182894611
                                                    2.22909552480761
    0.37787244052321       2   -6.13702290143847    1.53571057086857
                                                   -1.74131925421731
