I 
    4   11   10    0
    0.38225411397406       3   23.80337746876152   -4.40613368178570   -0.50386637588316
       3
    0.32259703612659       2    0.96832566344601    4.28491388947903
                                                   -5.98196612847151
    0.31565751994671       2   -0.24652860631174   -0.61441711855554
                                                    0.67320784372808
    0.44657907440947       2    1.77815569310564   -3.09368664691415
                                                    3.71470732389363
