Ag
    1    0   10    0
    0.57757006281773       1   -0.01207471951354
       3
    0.52864745289612       3    9.59411621540351   -5.27423613668695    0.99704410709328
                                                    8.43108620254381   -2.57436432595197
                                                                        2.12133879861991
    0.62811265705902       2    3.90688150318520   -1.68547330060634
                                                    2.06130142650242
    0.40282325947992       2   -2.69173370381799   -0.43354845809758
                                                    0.39191655531787
