Tl
    2    1    0    0
    0.63461649182435       1   -1.21387706958018
       3
    0.75562568620112       3    1.88173107690568    0.11761597839366   -0.19062768106290
                                                   -0.27412096550000    0.49219579375124
                                                                       -0.74279522938874
    0.90509431897365       2    0.75993524207928    0.24793497717101
                                                   -0.54083479808781
    1.06380371555868       1    0.31060729637976
