Rb
    1    0    0    0
    0.64204537879857       2    3.25025269543559   -0.67532718953847
       3
    0.88823012723138       3    0.91523108839481   -0.34895143611666    0.03118438552401
                                                    0.86011760329389   -0.06145968711113
                                                                        0.07532325030400
    1.06990227718053       2    0.50599992535283    0.27235395205576
                                                    0.08480321573578
    0.73472620909014       1   -1.32150357428013
