In
    2    1   10    0
    0.53255584618264       1    3.32680381569891
       3
    0.48258049825989       3   11.26260492621481   -6.57350630128148    1.50686143727491
                                                   10.95998915611932   -3.89070121565974
                                                                        3.08999070905414
    0.57066204386852       2    4.75951740037097   -2.21706215606091
                                                    2.63463427745713
    0.37939936051545       2   -4.00881060663654   -0.84012855496027
                                                    0.95363213452593
