I 
    4   11   10    0
    0.38300485131149       3   23.77802181022469   -4.41219383391337   -0.49342908924745
       3
    0.32299532363495       2    0.95803760336498    4.28491358592674
                                                   -5.99199750978273
    0.32247469022206       2   -0.21449068617284   -0.61441702796485
                                                    0.67309872989120
    0.44794298786458       2    1.77812681226407   -3.09368682497745
                                                    3.71550802142012
