Ir
    4    6    7    0
    0.51061140836480       2   13.41757109970722   -2.33843822555249
       3
    0.38849849487784       3   -2.52569836292839    1.05517486211889    4.67506882054885
                                                    6.24179885908026  -12.07095778587441
                                                                        9.58005666446976
    0.33969526297806       2   -6.52123539987241    7.35318507764368
                                                   -8.70023331878484
    0.37884277633614       2   -0.85596319997352   -1.17534828590223
                                                    1.33284421249476
