Mo
    3    6    5    0
    0.43062832737257       2   29.32600276845925   -4.82007460499211
       3
    0.32244450155336       2    0.10792304349925    2.76200139902910
                                                   -3.56718027089811
    0.42299338309596       2   -0.18475920435526   -0.72874243153693
                                                    0.86335972945435
    0.42089006980308       2    1.21667678056241   -2.68646747191452
                                                    3.05503200207815
