Mn
    2    0    5    0
    0.62720843700052       0
       3
    0.48212685856804       3    2.91929548629848   -0.94566574115022    0.61776952378721
                                                    2.62992328260807   -1.61347551700753
                                                                        2.67645610247249
    0.66865482431027       2    1.35298050375379   -0.10980192971001
                                                    0.38951841058786
    0.32911806762507       1   -7.80703851940826
