Rn
    2    6   10    0
    0.50370769854097       3   13.12676359623868    0.19253727252456   -0.10609726743192
       3
    0.47268857013685       2    9.38602598229412   -3.94512048403066
                                                    5.00223046434008
    0.54453786169636       2    5.78246228587657   -3.17707723483098
                                                    3.69102979004568
    0.40326638708464       2   -6.05582756787491    0.92523266861971
                                                   -1.05829336326378
