Sb
    4    9   10    0
    0.38845435768780       3   24.21024341221620   -4.58362071510741   -0.22332623976550
       3
    0.32558874468726       2    0.71647193790925    4.28490840557436
                                                   -5.84230295495507
    0.39033600060416       2   -0.12420432889901   -0.61441848125372
                                                    0.74017804294277
    0.44843651401802       2    1.76105021664478   -3.09368916607661
                                                    3.62798654694906
