Cr
    2    0    4    0
    0.64003490294792       0
       3
    0.50222320198458       3    2.12622242546059   -0.87519359990297    0.72676552413343
                                                    2.09545571896348   -1.85217026449683
                                                                        3.05020894799090
    0.72619298414758       2    1.15068537954645   -0.10287834199061
                                                    0.29086497011357
    0.35060762222713       1   -6.61682555202434
