W 
    4    6    4    0
    0.54002731291602       2   13.34774010869628   -2.19682078694050
       3
    0.39797497159743       3   -4.05609274734051    3.83543754728059    2.23316492601536
                                                   -1.31912871453640   -5.76603429975949
                                                                        4.57671938747027
    0.35354495615670       2   -7.38257873133856    8.11232847899823
                                                   -9.59870666582495
    0.41215610216168       2   -0.95438474513300   -1.06744667756418
                                                    1.21063277974058
