Zr
    4    6    2    0
    0.48008041708316       2    7.75142573357153   -1.68747439888063
       3
    0.25802600868160       2   23.01877902678875   -8.57192801748520
                                                   10.75708428386692
    0.28362709971101       2    8.59446798127713   -5.37735279503987
                                                    6.30252494963558
    0.56568296435389       2    0.02442285074449    0.27684277097599
                                                   -0.32116682765666
