Tl
    4    7   10    0
    0.48271243137487       2    7.15872500172547    0.45867471608462
       3
    0.28947307434305       3   -5.74646118756761   26.10502884722757  -15.17622268532535
                                                  -58.38117876119384   39.18480947038177
                                                                      -31.30682912627588
    0.37077959502267       3   -5.91046361076375    4.73149445087162    2.92706617638444
                                                   -0.68976535568342   -6.92676920045836
                                                                        4.86982565206428
    0.34720090409639       2   -8.73125571421580    9.49190847858756
                                                  -10.80032147616671
