Kr
    2    6    0    0
    0.50029677851914       0
       3
    0.42164479069135       3    6.46530260080934    0.53866315340543   -1.50260304552319
                                                   -3.13841476886350    3.87970026726119
                                                                       -3.07933983928845
    0.43375888856227       2    2.60158915168305    0.70510980573326
                                                   -0.83424940295799
    0.52471354156774       1    0.63559427120043
