K 
    1    0    0    0
    0.88899968311909       1    0.16942129081476
       3
    0.95063571215950       3    0.98847834298038   -0.13629528274396   -0.08734631692682
                                                    0.38623917262613    0.16924146029617
                                                                       -0.22103142868997
    1.06836758855794       2    0.58965797510308    0.00206398985985
                                                    0.05969036426158
    0.62940324281987       1   -1.52011131728316
