Co
    2    0    7    0
    0.56762332770245       1    0.01268113610674
       3
    0.44121469018973       3    4.52315373829791   -1.11917322994378    0.75295122456183
                                                    2.95981928194049   -1.94675615579348
                                                                        3.10444310842214
    0.60397197926369       2    1.86580044752399   -0.05537934124950
                                                    0.31337606270212
    0.29221917554843       1  -10.16476446336840
