As
    2    3    0    0
    0.52057915638833       0
       3
    0.45555065904338       3    5.52084214284863    0.03512251760777   -1.06108244081564
                                                   -1.77117452304219    2.73970276540646
                                                                       -2.17455768115837
    0.55466054325102       2    1.02179727399366    0.62920826977111
                                                   -0.74448826753111
    0.70372111944410       1    0.31479065140615
