Sb
    4    9   10    0
    0.38258494574756       2   24.33156200496915   -5.00714280793846
       3
    0.32702881081820       2    0.75318798699180    4.28490870204105
                                                   -5.85538723218352
    0.39687421762456       2   -0.09454980589251   -0.61441789493144
                                                    0.71052356701636
    0.45013360725694       2    1.76110949758978   -3.09368890216285
                                                    3.53982769039556
