Sc
    2    0    1    0
    0.77161390652862       1    0.00262196170253
       3
    0.60512441395414       3    2.17567031580649   -0.72072688844753    0.31890319090925
                                                    1.95016312455064   -0.88611079913844
                                                                        1.42189455087162
    0.87410415293982       2    0.91734193624835   -0.11843614089716
                                                    0.23646435430480
    0.45268827836537       1   -3.87273341711008
