Ca
    2    0    0    0
    0.71457471056606       1    0.25638244526667
       3
    0.64580789038399       3    1.13239596600699   -0.49006475953497   -0.11604951981769
                                                    2.25644789558920   -0.05607136423859
                                                                        0.34576247999493
    0.95865009154919       2    0.70998441280977   -0.12781254703335
                                                    0.23456563140410
    0.51013498892101       1   -2.91621922642772
