Ge
    2    2    0    0
    0.54313456813895       0
       3
    0.42601551441184       3    7.50510483169005   -0.58810529420401   -1.44797750156570
                                                   -1.59330938859680    3.73865854154546
                                                                       -2.96533124166455
    0.56793323671633       2    0.92244877173279    0.54687644048567
                                                   -0.64484573417047
    0.81393191295191       1    0.18738642305163
