Po
    2    4    0    0
    0.59227260590978       2    8.11685921457819   -0.00287540184852
       3
    0.80468296000970       3    0.32319496485814    0.10537777450781    0.52811380519156
                                                    0.72216867022260   -1.36353978532723
                                                                        1.07439925472915
    0.81435842095458       2    0.13711245287733    0.37530593028209
                                                   -0.44505230268145
    0.87752459001074       1    0.46099252226611
