Xe
    2    6   10    0
    0.51426060042191       2    4.79479105706728    0.62304811418608
       3
    0.44984984758559       3   10.62178065561499   -6.56999762637350    1.50999666164170
                                                   10.58101918338175   -3.88999818185186
                                                                        2.53039944556835
    0.46263385607233       2    4.72041966148189   -2.21999882203153
                                                    2.71345867935345
    0.41453221984178       2   -3.66856787013007   -0.84000010883268
                                                    0.36415530507936
