Tl
    2    1    0    0
    0.62718736424795       1   -1.22805508833547
       3
    0.75425166757617       3    1.89171263023460    0.11761517806315   -0.19062738997565
                                                   -0.28331837518376    0.49219655005255
                                                                       -0.75278269962687
    0.90678602221629       2    0.75994146392826    0.24793468534072
                                                   -0.54082153653892
    1.06218628668151       1    0.33592867722347
