V 
    2    0    3    0
    0.69469092635647       0
       3
    0.52321673277694       3    2.19372151883872   -0.73573491771736    0.73159117733466
                                                    1.88429297382944   -1.93302827381022
                                                                        3.08546306838178
    0.75694189632660       2    1.10623881940895   -0.13643326639878
                                                    0.31150976372799
    0.37726223805327       1   -5.82853607170082
