Pt
    3    6    9    0
    0.50061564113387       2    8.65201830382589   -0.29025670178376
       3
    0.29946237795984       3   -6.00440316648107   24.21291610219193  -13.78969347883965
                                                  -53.67871703082756   35.60480193940250
                                                                      -28.26342240699414
    0.35924542454064       3   -6.69785990435238    7.17066167788440    0.76690205306070
                                                   -7.20815698392226   -1.81482278351240
                                                                        1.28191345156248
    0.34313635671211       2   -8.68990648090616    9.41012379388005
                                                  -10.66162530765467
