Te
    4   10   10    0
    0.38006024305124       2   24.70949566644079   -5.98557654887125
       3
    0.32644364190136       2    0.86527520797123    4.27999947007407
                                                   -5.81369796116256
    0.38581748839738       2   -0.03995890986982   -0.60999978393235
                                                    0.76572113145471
    0.43465345215374       2    1.74770871740278   -3.09000004601869
                                                    3.56307805884400
