Ge
    2    2    0    0
    0.53268501589023       0
       3
    0.42215521271613       3    7.52682048746396   -0.58816248026003   -1.44792999872809
                                                   -1.59045820558045    3.73862539747846
                                                                       -2.96689732142390
    0.56737500444390       2    0.91249612371735    0.54688440887642
                                                   -0.64758922840810
    0.82131594439665       1    0.17616425223153
