Hg
    2    0    0    0
    0.64006041567454       1   -3.28007623419050
       3
    0.81238130662200       3    1.78294259207245    0.18052710986193   -0.19516290444437
                                                   -0.46589681780559    0.50391351708720
                                                                       -0.73342410215302
    1.05377489230284       2    0.48786561244675    0.22465881542903
                                                   -0.48512522506902
    1.10005323942507       1    0.29422509856206
