Y 
    4    6    1    0
    0.47392634218762       2   12.17237415562141   -2.15505758045655
       3
    0.24407427436278       2   23.10241361480401   -8.32539272385733
                                                   10.43182735192731
    0.29117520568329       2    5.89836567282373   -5.85235100476004
                                                    6.82809116929133
    0.42577272396527       2    1.16948735183963   -1.31882010873744
                                                    1.48450903655595
