As
    2    3   10    0
    0.48195410808223       0
       3
    0.39642280106614       3   10.92031056918739   -4.92176232635881    0.87069994907759
                                                    7.96246760882582   -2.24814261617459
                                                                        1.54417883669351
    0.54849502104996       2    1.74655801947136    0.19585961073428
                                                   -0.31256627840646
    0.23886658682441       1  -16.61957560110424
