Xe
    2    6    0    0
    0.55962598379623       1    8.01524939279990
       3
    0.53069668288042       3    2.23357538852482    1.20035745541461   -0.99849926104168
                                                   -3.17369838528102    2.57811005278015
                                                                       -2.04631820378173
    0.58177048822194       2    0.77697550018984    0.59123264486338
                                                   -0.70104212239022
    0.68733401267127       1    0.55979136427035
