Zr
    4    6    2    0
    0.47155178194752       3    8.72873189258554   -1.86283811611108    0.00038518967449
       3
    0.25892350121621       2   21.14809098342353   -8.57194374976509
                                                   10.95603589010750
    0.28600012302834       2    8.29770429232431   -5.37735902086557
                                                    6.33138518418425
    0.57561945347901       2    0.02448120192185    0.27683485818588
                                                   -0.32156841132166
