Cr
    2    0    4    0
    0.63771829092812       0
       3
    0.50537323427688       3    2.10965107631946   -0.87519311034307    0.72676470347484
                                                    2.09720927614102   -1.85216954950645
                                                                        3.04994899970671
    0.72658081117929       2    1.15217309501127   -0.10303070503729
                                                    0.29087738509729
    0.34788934398077       1   -6.61655108472874
