Pb
    2    2    0    0
    0.61721944720068       1    0.77156837728675
       3
    0.70872525621707       3    1.95498471774374    0.06388072824333   -0.19665294100388
                                                   -0.15076182360057    0.50776701068041
                                                                       -0.76950739820054
    0.84677012318870       2    0.85841294740842    0.22860105702729
                                                   -0.50663192852383
    0.97205245360739       1    0.43672284817885
