Tl
    2    1    0    0
    0.63152427767790       1   -1.28319526319998
       3
    0.75426095900423       3    1.85106410674505    0.11761530046940   -0.19062740454433
                                                   -0.29953656589393    0.49219608463650
                                                                       -0.77288840312871
    0.90281978163949       2    0.73963340907695    0.24793525301169
                                                   -0.57346996429760
    1.06225645174850       1    0.33176940358123
