Os
    4    6    6    0
    0.51992634929299       2   13.40287732367145   -2.21907397920540
       3
    0.39116041267532       3   -3.19951959252712    2.36002776791603    3.61102936368631
                                                    2.82627585968620   -9.32363273065727
                                                                        7.39926617410499
    0.34932734462228       2   -6.77016191822609    7.52932078172420
                                                   -8.90879794853579
    0.39266522662355       2   -0.94292266051909   -1.08157466647373
                                                    1.22688116336281
