Zr
    2    0    2    0
    0.68194290011807       2   -0.66456338898013    0.01919612306243
       3
    0.66276095356950       3    1.47807978610190   -0.94499547856720    0.29585736732004
                                                    2.39622612099554   -0.76600554551614
                                                                        1.21652918092347
    0.87771708539158       2    1.06396939778652   -0.15074603610682
                                                    0.49547974464370
    0.62851657424949       2   -1.17267282939924   -0.08924522515542
                                                    0.21194502613856
