Hg
    4    6   10    0
    0.49183599747192       2    7.15304535049555    0.46355794713638
       3
    0.29455906392265       3   -5.75010236797051   26.10502327693974  -15.17621710349779
                                                  -58.38226532280054   39.18481754544283
                                                                      -31.30351545850332
    0.36470096562045       3   -5.90360741137324    4.73148920678418    2.92707137613307
                                                   -0.72361878639024   -6.92677258441547
                                                                        4.86124665094224
    0.35395517668345       2   -8.72453912571570    9.49191276663876
                                                  -10.76225477339752
