Cs
    1    0    0    0
    1.60329986376360       0
       3
    0.88709544916927       3    0.95905380340162   -0.06477758949798   -0.18759962344311
                                                   -0.10231184224768    0.57685639728501
                                                                       -0.29818517122404
    1.31281208016619       2    0.11198619925039    1.23277240141364
                                                    0.55901067838454
    1.03659492542375       1   -0.68008657967232
