Cd
    4    6   10    0
    0.40075557811931       3   23.98222918348076   -4.19516831190092    0.00090956956100
       3
    0.32288091236491       2    0.75279445384681    4.28491019887773
                                                   -5.77391164670396
    0.40865422778661       2   -0.19422804072575   -0.61441735618862
                                                    0.65274423020079
    0.45560804396715       2    1.75138748768744   -3.09368793134230
                                                    3.50831229230002
