As
    2    3   10    0
    0.48740735710011       0
       3
    0.39540125112426       3   10.87125338912347   -4.92176557191123    0.87070246534256
                                                    7.95789639426865   -2.24814571557957
                                                                        1.51882118618092
    0.54611379099967       2    1.73972170491421    0.19585845065541
                                                   -0.33324932090160
    0.23903882026575       1  -16.56192414624962
