Ti
    2    0    2    0
    0.72683985081003       0
       3
    0.53683463477309       3    1.80893759332718   -0.58039317589580    0.86215853729536
                                                    1.64429036705361   -2.31298969051397
                                                                        3.68547761249439
    0.78128332902208       2    0.99328341920277   -0.04675777164111
                                                    0.27801224322727
    0.41248834493226       1   -4.76243630623038
