Mn
    2    0    5    0
    0.62524690574929       0
       3
    0.47422538057485       3    2.92558759189232   -0.94566503613141    0.61776839706524
                                                    2.54381870099667   -1.61347410500248
                                                                        2.63881310180493
    0.66872673303746       2    1.35301457081798   -0.11021407649736
                                                    0.36910147273111
    0.33472980549207       1   -7.81783473464081
