Bi
    4    9   10    0
    0.46825351841932       2    7.16605873003218    0.45597207898924
       3
    0.28280713485593       3   -5.76672367537778   26.10501761356083  -15.17620866096991
                                                  -58.39055545037753   39.18480694235685
                                                                      -31.34247753892185
    0.37292763838568       3   -5.89674097890689    4.73149195995497    2.92707002106531
                                                   -0.69614846402099   -6.92677426136704
                                                                        4.87859536098374
    0.35316747458364       2   -8.69889894489767    9.49191211399932
                                                  -10.77882706019789
