Ti
    2    0    2    0
    0.72506956972831       0
       3
    0.53567797987102       3    1.81242936996018   -0.58036487657610    0.86213842824936
                                                    1.61902699399022   -2.31297963481463
                                                                        3.69735978959751
    0.78065492333367       2    0.99657143874200   -0.04374853059236
                                                    0.30142908572085
    0.40960963186541       1   -4.75525876184223
