V 
    2    0    3    0
    0.69004203223021       0
       3
    0.52229952675198       3    2.20045619098916   -0.73573996040410    0.73159114059352
                                                    1.89013345221953   -1.93302354758687
                                                                        3.07347198250362
    0.75703432607056       2    1.10483896762379   -0.12972854788742
                                                    0.31283477804799
    0.37446348356079       1   -5.84156237509072
