Au
    3    6   10    0
    0.48488849374283       2    8.01048954071670    0.40145716059937
       3
    0.29221279118478       3   -5.98625830394072   26.10501619568078  -15.17621481411931
                                                  -58.38599933658637   39.18482329712196
                                                                      -31.10368005632069
    0.36375179311570       3   -5.86791016722352    4.73147174875970    2.92708212157138
                                                   -0.72344856269677   -6.92677846095780
                                                                        4.90395880835229
    0.34612140854424       2   -8.80486452194739    9.49191486366690
                                                  -10.76259029733470
