Zr
    4    6    2    0
    0.47694641755903       2    7.79742523092310   -1.67709779189654
       3
    0.25756497421804       2   23.36396378383548   -8.57193367896036
                                                   10.81667532812854
    0.28360599528353       2    8.58671920915688   -5.37735478370672
                                                    6.33778986620046
    0.56758608564471       2    0.02520195025966    0.27685105730968
                                                   -0.31987782708566
