Cd
    4    6   10    0
    0.40073336113741       3   24.08083672353305   -4.25130903445247    0.00062344240435
       3
    0.32248958376740       2    0.72227593633257    4.28491142766645
                                                   -5.77037920170868
    0.40849985116683       2   -0.19402634177792   -0.61441719569097
                                                    0.65278493918447
    0.45560775891414       2    1.75127456054315   -3.09368824980752
                                                    3.50822199349643
