Ru
    3    6    7    0
    0.44080593584205       2   26.81438439378233   -4.83716729506462
       3
    0.34392698169643       2   -0.52591384689453    3.71548972887194
                                                   -4.79687601213777
    0.43010661884711       2    0.06604698635680   -1.27757229442219
                                                    1.44019112634600
    0.43872669737878       2    1.50938804023149   -2.94305370287022
                                                    3.33831211855477
