Ag
    1    0   10    0
    0.57051548685445       1   -0.09902041556941
       3
    0.52696424250079       3    9.45096565585420   -5.27424466978921    0.99705036044107
                                                    8.39492070978198   -2.57436727566402
                                                                        2.02769676760576
    0.62485067151069       2    3.90678516394953   -1.68580269309395
                                                    2.06121242861523
    0.40569649945359       2   -2.72572978591473   -0.43354824809407
                                                    0.39152630825362
