Tc
    3    6    6    0
    0.43429870375563       2   26.90904595619060   -4.62901623570097
       3
    0.32446604024342       2   -0.18250860456390    3.34056928880140
                                                   -4.31045696352169
    0.42718875269414       2   -0.24066312514254   -0.82214759705681
                                                    0.97475760863501
    0.43260231382053       2    1.21825011783871   -2.67400690674055
                                                    3.03133605326424
