Cu
    2    0    9    0
    0.52394528496515       0
       3
    0.43101435132144       3    9.70093059049232   -6.47017957082070    1.93596794056221
                                                   11.48385068339052   -4.99861962750030
                                                                        3.99152699012015
    0.56434024143565       2    2.54379849090433   -0.78458205656439
                                                    0.92852986039545
    0.26464518455638       1  -12.84030884962711
