Sb
    2    3    0    0
    0.58757376464710       2    7.76184975010887   -0.02061409471365
       3
    0.55834507527318       3    1.44939598064834    1.26138132553615   -0.92320631400318
                                                   -3.12763894383342    2.38377467721423
                                                                       -1.88000913501715
    0.61816453150786       2    0.54816978189187    0.30486559268672
                                                   -0.36313889638394
    0.88236112752011       1    0.23219371408023
