Bi
    2    3    0    0
    0.61128441938872       1    6.68384428004927
       3
    0.67892565535151       3    1.37759417063711    0.19895415852839   -0.11491887270656
                                                   -0.49279699040239    0.29671919754649
                                                                       -0.46104945045358
    0.79885508055645       2    0.66819079503028    0.17027009399781
                                                   -0.37555450814866
    0.93471267207946       1    0.38573665209520
