Ru
    3    6    7    0
    0.43918441441272       2   26.81649010551282   -4.89670391867530
       3
    0.33699359194146       2   -0.53432109769172    3.71548972760564
                                                   -4.79651890252907
    0.42862783168872       2    0.07418691281860   -1.27757217669527
                                                    1.44020483116818
    0.43845680703130       2    1.50938983158373   -2.94305410943573
                                                    3.33766821736919
