Au
    3    6   10    0
    0.49174285772121       2    7.20872350652897    0.46180751560279
       3
    0.29437421945982       3   -5.79790358793614   26.10502327569718  -15.17621710646925
                                                  -58.38321766990947   39.18481754272661
                                                                      -31.15483456167002
    0.35509604676210       3   -5.86778468570730    4.73148917872969    2.92707134064692
                                                   -0.72361878636216   -6.92677260237464
                                                                        4.85924666094793
    0.35395517669265       2   -8.72453912571020    9.49191275419864
                                                  -10.76225477338976
