Ge
    2    2    0    0
    0.52556815833424       0
       3
    0.42311810008549       3    7.55093082921381   -0.58810801282110   -1.44797711818606
                                                   -1.62268263673085    3.73865675952566
                                                                       -2.98788007777074
    0.56722376478040       2    0.89372427980613    0.54687552471069
                                                   -0.67686419026640
    0.81458072281169       1    0.10923705019027
