Rn
    2    6    0    0
    0.56976147373000       1   16.19009439432345
       3
    0.63514392700915       3   -0.58189191375165    0.80312813544374    0.29738582062557
                                                   -0.55309026994603   -0.76784718792168
                                                                        0.60945600102367
    0.64730208494156       2    0.15828567264304    0.30517346268024
                                                   -0.36280933601011
    0.80549395111977       1    0.51078708742816
