At
    2    5   10    0
    0.49711470676275       3   13.05959922753461    0.36237708068645   -0.05189687080116
       3
    0.46509989203309       2    9.33659926409890   -3.94512039823949
                                                    5.11916032583543
    0.52861733058444       2    5.77724806099073   -3.17707666720248
                                                    3.76960483510735
    0.39184496841392       2   -6.13476574663646    0.92523284488507
                                                   -1.05548295601370
