Te
    4   10   10    0
    0.38416007821120       3   24.16766587553985   -4.38560683824319   -0.36040441315003
       3
    0.32245964658674       2    0.79734580137142    4.28491027302847
                                                   -5.89211204532462
    0.34353961662934       2   -0.19036306001347   -0.61441762578327
                                                    0.67188786679236
    0.45317002060594       2    1.75487723664600   -3.09368861736335
                                                    3.69447644156298
