Bi
    2    3    0    0
    0.61736905464622       1    6.71199917769009
       3
    0.67890038254930       3    1.37759219138783    0.19895422872228   -0.11491882888985
                                                   -0.49270281735523    0.29671890363934
                                                                       -0.46103006555318
    0.80532684035722       2    0.67940706072334    0.17027045767487
                                                   -0.37504466752136
    0.93474620450667       1    0.39652821525100
