Hg
    4    6   10    0
    0.49382936915418       2    7.14000787872537    0.45955487703568
       3
    0.29031098035191       3   -5.78961952056910   26.10501825625909  -15.17621364577475
                                                  -58.38986540187874   39.18481671900480
                                                                      -31.25754977043387
    0.36571797087402       3   -5.89430467568131    4.73148318335506    2.92707934980281
                                                   -0.70470526629558   -6.92678065319000
                                                                        4.85689744540969
    0.35433969704776       2   -8.72559651593240    9.49191369982618
                                                  -10.76234521417668
