Mn
    2    0    5    0
    0.62851420659332       0
       3
    0.48235787101555       3    2.91686740228750   -0.94567027463558    0.61777123925249
                                                    2.67722080739756   -1.61347405645347
                                                                        2.68148614513462
    0.66873290549590       2    1.35307742734326   -0.10970410454644
                                                    0.40037832497734
    0.32634819424635       1   -7.80544463496730
