Ce
    6   12   11    1
    0.20006243555054       2  148.00680954904675    4.20897599184275
       4
    0.24121467728955       2    2.22104314880706    4.21352386898698
                                                   -5.36864247402728
    0.17309769133041       3   -4.75423492421649   11.78844186418886    0.01475604979747
                                                  -14.00917507983754   -0.03492393563884
                                                                        0.19425831941089
    0.17185841187904       1  -14.80256492204920
    0.26566159135703       1   -4.76641788667550
