Cd
    4    6   10    0
    0.40054053948709       2   24.08405451978810   -4.22028544249371
       3
    0.32276939734895       2    0.72467990775492    4.28491151801731
                                                   -5.75779584325646
    0.40801570631246       2   -0.19298484451033   -0.61441740737402
                                                    0.65341564927194
    0.45501781597401       2    1.75227705098480   -3.09368841978991
                                                    3.50827470731104
