Ga
    2    1   10    0
    0.48861911861492       2    0.00530821427842   -0.01615186733693
       3
    0.41704680657906       3   10.47115155744443   -4.92196820829668    0.87083689410732
                                                    7.77138644956225   -2.24822102758413
                                                                        1.78438551351240
    0.56968481016088       2    1.82696988841512    0.19586573670164
                                                   -0.22851878063478
    0.23827303837184       1  -16.44971281745893
