Ca
    2    0    0    0
    0.71191768519081       1    0.22372678021701
       3
    0.64568999379107       3    1.13238255305546   -0.49006434333906   -0.11604969394273
                                                    2.26340812892159   -0.05607112085979
                                                                        0.33108584486152
    0.95854066109518       2    0.70995783137630   -0.12780548550840
                                                    0.21993991870275
    0.52561708549688       1   -2.92597505747739
