Ce
    6   12   11    1
    0.20013764418210       2  148.05009018797844    3.95199712771295
       4
    0.23876927320040       2    2.25796202984652    4.21351861154811
                                                   -5.42501072886025
    0.16734963010611       3   -4.43494904333076   11.78843576397817    0.01475913225702
                                                  -14.00353909855523   -0.03492604784860
                                                                       -0.06446858835651
    0.17173018213489       1  -15.10666666400941
    0.26527042722979       1   -4.75766181976009
