I 
    2    5   10    0
    0.50097051336893       1    4.17730630872087
       3
    0.46561216575108       3   10.91021359706225   -6.57350992894405    1.50686732373398
                                                   10.67538274396123   -3.89071085676998
                                                                        2.59615303819664
    0.49854558125415       2    4.59231945231835   -2.21706420697188
                                                    2.69647677168099
    0.39275378403727       2   -3.61595465468627   -0.84012823942326
                                                    0.57126652069454
