V 
    2    0    3    0
    0.68956300461270       0
       3
    0.51207312866123       3    2.20284177021919   -0.73574191354198    0.73159429218758
                                                    1.89168629495877   -1.93302824444198
                                                                        3.04528360225386
    0.75702043218831       2    1.10477479640194   -0.12973462237582
                                                    0.29254604569787
    0.38008321192677       1   -5.84169054084230
