Mn
    2    0    5    0
    0.62841709800704       0
       3
    0.48121824878217       3    2.92544464359182   -0.94567322030337    0.61777279234185
                                                    2.55405292537770   -1.61347461517976
                                                                        2.66332796634774
    0.66859904590774       2    1.35310103257184   -0.11002894330952
                                                    0.38368700416796
    0.32896137280570       1   -7.80658411593522
