Po
    2    4   10    0
    0.49743540214922       3   13.05694114062113    0.33153933895338   -0.06744578603329
       3
    0.47887939734773       2    9.34614745865130   -3.94512051753591
                                                    5.12201954764482
    0.54474232197144       2    5.74746150865124   -3.17707859396190
                                                    3.73962768950176
    0.38845126405265       2   -6.12101174308600    0.92523255535845
                                                   -1.05673345756731
