Pd
    2    6   10    0
    0.42084260775221       2   26.78788415811240   -5.01006317925506
       3
    0.31904501163841       2   -0.71765903953884    4.38486684371755
                                                   -5.59637764912603
    0.41680525150703       2   -0.04643789182114   -1.07795231204756
                                                    1.17936322086522
    0.44030428787752       2    1.62430750482450   -3.09368798866474
                                                    3.50188045227054
