Kr
    2    6    0    0
    0.49193677574916       0
       3
    0.42202630747335       3    6.46577481353234    0.53866156296681   -1.50260189490346
                                                   -3.13924553836544    3.87969987836857
                                                                       -3.07943450436889
    0.43380448705626       2    2.57316014682351    0.70510971762838
                                                   -0.83443047207597
    0.52473815672293       1    0.63573630311551
