At
    2    5   10    0
    0.49942615815914       3   13.06359645539277    0.35999660900018   -0.09861774795903
       3
    0.46497976497735       2    9.33682342433556   -3.94511920634005
                                                    5.11899228059897
    0.52558004917348       2    5.77050916853651   -3.17707685071399
                                                    3.75325345643645
    0.38801205499925       2   -6.13324160035664    0.92523278651548
                                                   -1.05168692814539
