Br
    2    5    0    0
    0.48931597935834       0
       3
    0.43874676452082       3    6.07927495086645    0.33049899822991   -1.23838276704276
                                                   -2.44073317852503    3.19748907358512
                                                                       -2.53787112515665
    0.45317246078164       2    2.43521443350214    0.52275293662416
                                                   -0.61856447851652
    0.56776989813622       1    0.55334943017495
