Ga
    2    1    0    0
    0.57597845877046       0
       3
    0.56660763786090       3    2.27400017975982    1.03244614925694   -0.76062859284688
                                                   -2.56337315969865    1.96393673610282
                                                                       -1.52568886037947
    0.64981388389164       2    0.33672482850865    0.61341599059852
                                                   -0.72072058967981
    0.99143408863334       1    0.08801807319532
