Sr
    2    0    0    0
    1.01187896806320       2    0.73988926796964    0.03098376525726
       3
    0.82539724097064       3    1.38261703476777   -0.37366131481344   -0.07744328067426
                                                    0.91894158480863    0.20317076077384
                                                                       -0.25721988232607
    1.14930995374243       2    0.43290734578265   -0.02307766196426
                                                    0.08825579788559
    0.74550808661847       1   -1.33443435268166
