Rn
    4   12   10    0
    0.43317072330926       2    7.25230000473133    0.21355525146461
       3
    0.27436800272130       3   -5.83829569280137   26.10503886915613  -15.17622132681492
                                                  -58.40264870561197   39.18481759031067
                                                                      -31.54840710226699
    0.36959963812269       3   -5.78957532659083    4.73149309369972    2.92707099836466
                                                   -0.71438751753869   -6.92677763758236
                                                                        4.68221475360108
    0.36677947247538       2   -8.78439030234630    9.49191231376359
                                                  -10.98665293099919
