Hg
    4    6   10    0
    0.48970152045641       2    7.19466557709469    0.45910961040256
       3
    0.29162747387231       3   -5.76432023306311   26.10502883002492  -15.17622268288983
                                                  -58.38235765834582   39.18480940721241
                                                                      -31.26087012875304
    0.37326062303926       3   -5.91224431160020    4.73149428173004    2.92706597583956
                                                   -0.68976295943346   -6.92676959923004
                                                                        4.86983187554889
    0.34718846838227       2   -8.73124412662959    9.49190851121106
                                                  -10.82309397806743
