Te
    2    4    0    0
    0.57324313666733       2    8.60047591962911   -0.04226469642248
       3
    0.57634525171393       3    1.38783108971878    0.97904009431345   -0.48652536452119
                                                   -2.04380451703598    1.25573813444484
                                                                       -0.99522048116058
    0.58957624737323       2    0.74003725039426    0.32398691625068
                                                   -0.39475834078922
    0.80356222962170       1    0.30661268957759
