Ba
    2    0    0    0
    1.11938139209922       1    0.00046211552541
       3
    1.10391546903308       3    1.66326255886703   -0.44754863387239   -0.13878308672081
                                                    0.47077271073800    0.18681531787375
                                                                       -0.18184492897630
    1.30696997201096       2    0.82016054328870   -0.38785881375891
                                                    0.38196247033393
    0.86073045106637       1   -0.85307597824496
