Rh
    3    6    8    0
    0.43600800743166       2   26.13440724320014   -5.02459161677956
       3
    0.32816317718654       2   -0.44994780702201    3.89280374048607
                                                   -5.00248018341810
    0.37938129822899       2   -0.94915323206472   -0.00569622228244
                                                   -0.04935845955027
    0.43380184408510       2    1.57172217643401   -3.01216521902806
                                                    3.41377308747686
