Ta
    4    6    3    0
    0.55113714607310       2   13.34913923241470   -2.23678168563205
       3
    0.40359213869036       3   -4.32955291855110    4.17649444363991    1.87560485664891
                                                   -2.33749350684894   -4.84280074343682
                                                                        3.84647254000767
    0.35787009519615       2   -7.58991142787308    8.17896107851753
                                                   -9.68877202252008
    0.42138885047176       2   -1.11513059859838   -0.87532038559856
                                                    0.98620344283354
