Ge
    2    2    0    0
    0.54044322442644       0
       3
    0.42186518805788       3    7.51023955985005   -0.58810803073412   -1.44797581748367
                                                   -1.59588929848250    3.73865689176280
                                                                       -2.96747742430949
    0.56759893389960       2    0.91388136790900    0.54687584132299
                                                   -0.64703371806713
    0.81395231895643       1    0.19717233173825
