Mo
    3    6    5    0
    0.43064119171061       2   29.32102650670259   -4.80483287524899
       3
    0.31965033633187       2    0.12150210630104    2.76200116087461
                                                   -3.55902387888448
    0.42319493350798       2   -0.18480919295122   -0.72874244626632
                                                    0.86334927633525
    0.42087608961763       2    1.21667267254061   -2.68646756239123
                                                    3.04396694191666
