Sc
    2    0    1    0
    0.77912755392708       1    0.00432469165328
       3
    0.60897869255682       3    2.16638526423116   -0.72072479891363    0.31890291565769
                                                    1.98055690804906   -0.88611134963174
                                                                        1.42600811844169
    0.87442034419543       2    0.91732520876573   -0.11845350305796
                                                    0.24886446154811
    0.45270302248157       1   -3.87255394376862
