Ag
    1    0    0    0
    0.64691841624470       1   -0.45222933010388
       3
    0.82151721116223       3    1.12356204628808    0.12565462618867   -0.06401150322905
                                                   -0.42139223897159    0.24644026874368
                                                                       -0.44829828379462
    0.98595170022875       2    0.43236614718078    0.16185556558248
                                                   -0.53339526373174
    1.17421151268332       1   -0.05915728991543
