Ni
    2    0    8    0
    0.55633475150408       1    0.06249378441123
       3
    0.42687168740420       3    4.14215164827567   -1.19903864204570    0.73987741484715
                                                    3.16883300703883   -1.90684143876025
                                                                        3.08790374530400
    0.58367795377589       2    1.84151768519395   -0.12064189635500
                                                    0.39042515168315
    0.27829223230779       1  -11.39393621839353
