Mo
    1    0    5    0
    0.69924765956906       2    8.28975700772989    0.02451580185778
       3
    0.68394456576575       2    1.84963988711039   -0.38826864407705
                                                    1.03498625056516
    0.81788756256954       2    0.57178403276070   -0.49117538184499
                                                    0.89553905618668
    0.45671141941509       2   -2.76646456673513    3.00196546466908
                                                   -6.84595507429151
