Pb
    4    8   10    0
    0.47772419152531       2    7.17847031512529    0.43721456753758
       3
    0.28504749499117       3   -5.76693586855191   26.10502295182792  -15.17620973158239
                                                  -58.36429558239379   39.18480620668289
                                                                      -31.34568764605958
    0.37068551678997       3   -5.91248522148638    4.73149188860753    2.92706825994288
                                                   -0.70216651438546   -6.92676802566709
                                                                        4.88185617930509
    0.35016313054057       2   -8.71670931826267    9.49191136932848
                                                  -10.78825407237986
