At
    4   11   10    0
    0.44569764417885       2    7.28653159905284    0.22431981275979
       3
    0.28100128452649       3   -5.88162499489847   26.10502865006526  -15.17622023462096
                                                  -58.39110987109811   39.18480825945940
                                                                      -31.52429232631016
    0.37651351859992       3   -5.80802301131739    4.73149335004363    2.92707006852837
                                                   -0.69791521459452   -6.92677784272569
                                                                        4.71857480622526
    0.35317075774170       2   -8.77621410364351    9.49191152104909
                                                  -10.90564444898982
