In
    2    1   10    0
    0.53199624504295       1    2.75583080671391
       3
    0.47969206411172       3   11.28770235017640   -6.57349292624193    1.50685079113497
                                                   10.95152074746693   -3.89069091579510
                                                                        3.09094935931690
    0.57138592827629       2    4.80323118904018   -2.21705571168694
                                                    2.63722279943672
    0.37704169412738       2   -4.00786962487250   -0.84012922781875
                                                    0.95152969036625
