Ge
    2    2   10    0
    0.48763699035221       0
       3
    0.40862243684138       3   10.42414164133329   -4.92175267030526    0.87071709790447
                                                    7.70582546728927   -2.24818931964501
                                                                        1.72326572904943
    0.56489069118001       2    1.66797330006742    0.19583384390026
                                                   -0.28354672607687
    0.23832198254889       1  -16.45818444724735
