Mo
    1    0    5    0
    0.69756488677949       2    8.29680491319273   -0.00042007972755
       3
    0.66111729320652       2    1.80599858638543   -0.38826318695126
                                                    1.03420068185999
    0.81530465609318       2    0.57173360634891   -0.49130252948272
                                                    0.88308969205266
    0.46454554678430       2   -2.76575571763066    3.00196622393322
                                                   -6.84556480311309
