Co
    2    0    7    0
    0.57943736410949       1    0.05364026453786
       3
    0.44175810680900       3    4.61783993439988   -1.11916719208077    0.75294807659787
                                                    3.01346689732754   -1.94675569507083
                                                                        3.10450025328115
    0.60516629061511       2    1.89222262032973   -0.05539670262238
                                                    0.29461147660676
    0.29221589799741       1  -10.16466956228796
