Pb
    4    8   10    0
    0.47430925918470       2    7.17635132812430    0.46287266598171
       3
    0.28750176806965       3   -5.76597465761726   26.10502295182793  -15.17620973158241
                                                  -58.38166541151799   39.18480620668290
                                                                      -31.34568764605958
    0.37089576405178       3   -5.91116995413923    4.73149188860750    2.92706825994297
                                                   -0.70009404822693   -6.92676802566705
                                                                        4.88298158561891
    0.34738131718917       2   -8.72217878012541    9.49191131836268
                                                  -10.79336011418028
