Sb
    4    9   10    0
    0.38569906970099       3   24.07363186548225   -4.50741321606030   -0.13925809673660
       3
    0.32448727739274       2    0.65564446407961    4.28491239531648
                                                   -5.81407842611660
    0.38418549211407       2   -0.16271314677985   -0.61441766978141
                                                    0.71759260100701
    0.45048810358383       2    1.76881287028621   -3.09368860661071
                                                    3.57328866064150
