Po
    4   10   10    0
    0.45902452193682       2    7.28151583026843    0.30540271741063
       3
    0.28006888773264       3   -5.90864444592785   26.10502268121570  -15.17621000744003
                                                  -58.39222164856734   39.18480660633013
                                                                      -31.36088915599935
    0.35997066687257       3   -5.84239077242030    4.73149002436867    2.92707182792688
                                                   -0.69701754995282   -6.92677369988906
                                                                        4.85417395877781
    0.35395553031436       2   -8.78034895300128    9.49191248344017
                                                  -10.77053266018237
