I 
    2    5   10    0
    0.49765996915147       1    4.22280399292388
       3
    0.47911797174282       3   10.97699284020937   -6.57351578579192    1.50687069354471
                                                   10.70339382316750   -3.89071096192930
                                                                        2.67548522608720
    0.52987903259686       2    4.59587627272676   -2.21706526639029
                                                    2.74088609203997
    0.39560103264835       2   -3.69136528153153   -0.84012789195210
                                                    0.58975733643329
