Zn
    2    0    0    0
    0.16301201005045       1    0.00659329927906
       3
    0.63389457613057       3    2.04377060996084    0.07481390962286   -0.22861175630538
                                                   -0.16680185885283    0.62560878720243
                                                                       -0.92977012552955
    0.98812221207300       2   -0.07145965539870    0.27370265305367
                                                   -0.33224013343900
    1.32601004589744       1    0.01885191709808
