Sb
    4    9   10    0
    0.38564172004109       3   24.18386183210129   -4.56547037007209   -0.16195628533373
       3
    0.32428329125072       2    0.71586296336812    4.28490985032661
                                                   -5.81961152277513
    0.38389298798265       2   -0.13697903283234   -0.61441780951555
                                                    0.71723930254037
    0.44856581319806       2    1.76125710645280   -3.09368850504239
                                                    3.59147311147154
