Nb
    1    0    4    0
    0.72641918962912       2    4.14106248617274    0.00357598654458
       3
    0.69891996314864       2    1.90328354945872   -0.55864923741884
                                                    1.67173662289696
    0.88645850657858       2    0.38131647297340   -0.24864106879715
                                                    0.64041079111743
    0.51036116722418       2   -2.93084925715588    0.75587118649239
                                                   -1.61688362539465
