Xe
    2    6    0    0
    0.55999978977226       1    8.04654021234313
       3
    0.53049437237455       3    2.23338415986291    1.20035962244853   -0.99850057340096
                                                   -3.17371586582808    2.57811034253054
                                                                       -2.04631376349586
    0.58177413879504       2    0.79697870334835    0.59123278015708
                                                   -0.69955679708249
    0.68554488502027       1    0.56019287733350
