Kr
    2    6   10    0
    0.44686408679574       0
       3
    0.37502272940973       3   10.29059042369104   -4.92177869417818    0.87071499306728
                                                    7.69712841066735   -2.24815500482217
                                                                        1.37955434102145
    0.45581900679516       2    1.95078576759430    0.19585930526421
                                                   -0.28675799515699
    0.24072398121551       1  -16.89024145803955
