Fe
    2    0    6    0
    0.59497243640955       1    0.15776074928985
       3
    0.45662067189239       3    3.29500556091648   -1.01065578038415    0.78740207621881
                                                    2.66952345952892   -2.03777707736257
                                                                        3.28657835745431
    0.63919804235625       2    1.54297683384667   -0.10530759775326
                                                    0.33363612751017
    0.30830676756980       1   -9.15210725198937
