Po
    2    4    0    0
    0.59169940875014       1    8.12418515354568
       3
    0.80444211128777       3    0.32640403260312    0.10539920824264    0.52809490492417
                                                    0.72286308113169   -1.36353392983982
                                                                        1.08199923466171
    0.81539884895088       2    0.13566293889939    0.37530257947171
                                                   -0.44453483368310
    0.88884783465779       1    0.34680926724182
