Br
    2    5    0    0
    0.48906471528720       1    0.06691582252564
       3
    0.43801076353654       3    5.96669580124580    0.33050805276591   -1.23839374566567
                                                   -2.41541365748599    3.19750145584358
                                                                       -2.53741621314084
    0.45383504911383       2    2.46041497011847    0.52275466687656
                                                   -0.63955637567408
    0.56430020681229       1    0.52065304811384
