Ca
    2    0    0    0
    0.75330462004884       1    0.02000246308592
       3
    0.65216038559348       3    1.39782491262943   -0.49000089408343   -0.10999857809682
                                                    2.25940078539554   -0.05000056552352
                                                                        0.33008550759414
    0.96768735856317       2    0.69989641675392   -0.12014940887741
                                                    0.21760396969090
    0.53033437839286       1   -2.91998813835762
