Kr
    2    6   10    0
    0.44283351416393       0
       3
    0.37498619255387       3   10.29768715135108   -4.92178158705142    0.87071670990239
                                                    7.68803378783273   -2.24815502179914
                                                                        1.36612342081864
    0.45452715282192       2    1.94864433212599    0.19585898400657
                                                   -0.29116734051549
    0.23920896269267       1  -16.84038164550523
