Sn
    4    8   10    0
    0.39324273810539       3   24.19194224628004   -4.65280379509157   -0.13029202190584
       3
    0.32042408399815       2    0.73788278780537    4.28490791273036
                                                   -5.75542087943552
    0.38516930562103       2   -0.09995677073799   -0.61441824552023
                                                    0.66802550737209
    0.45362706872272       2    1.75141091776975   -3.09368842811348
                                                    3.62199580136056
